%,%, ,<, ,1,-,5, , ,>, ,y,(,c,m,),,, ,y,+,,, ,d,e,l,,, ,u,(,c,m,/,s,),,,u,+
%,%, ,<, ,6,-,1,0, ,>, ,u,v,d,,, ,u,t,a,u,,, ,u,u,,, ,v,v,,, ,w,w
-0.89 0 0.00059064 0 0 0 1418.5 0 0 0 0.2 2057.7
-0.88927 1.2445 0.00059064 1765.3 1765.3 1.2445 1418.5 2.5534e+05 21.69 49410 0.2 2057.7
-0.88847 2.5975 0.00059064 3631.9 3631.9 2.5609 1418.5 1.1046e+06 270.55 1.7823e+05 0.2 2057.7
-0.8876 4.0684 0.00059064 5600.4 5600.4 3.9505 1418.5 2.6774e+06 1292.6 3.5958e+05 0.2 2057.7
-0.88666 5.6671 0.00059064 7647 7647 5.3974 1418.5 5.0535e+06 3916.8 5.7449e+05 0.2 2057.7
-0.88563 7.4049 0.00059064 9741 9741 6.8809 1418.5 8.1401e+06 9204.3 8.0596e+05 0.2 2057.7
-0.88451 9.2934 0.00059064 11830 11830 8.3649 1418.5 1.1606e+07 18332 1.0429e+06 0.2 2057.7
-0.8833 11.346 0.00059064 13851 13851 9.8049 1418.5 1.4887e+07 32658 1.2741e+06 0.2 2057.7
-0.88198 13.576 0.00059064 15742 15742 11.158 1418.5 1.7418e+07 53600 1.4888e+06 0.2 2057.7
-0.88055 15.998 0.00059064 17457 17457 12.388 1418.5 1.8851e+07 82714 1.677e+06 0.2 2057.7
-0.879 18.63 0.00059064 18973 18973 13.481 1418.5 1.9174e+07 1.214e+05 1.8333e+06 0.2 2057.7
-0.87731 21.488 0.00059064 20290 20290 14.434 1418.5 1.8616e+07 1.7081e+05 1.9588e+06 0.2 2057.7
-0.87548 24.592 0.00059064 21426 21426 15.258 1418.5 1.7487e+07 2.3149e+05 2.0575e+06 0.2 2057.7
-0.87349 27.962 0.00059064 22403 22403 15.97 1418.5 1.6064e+07 3.0327e+05 2.1327e+06 0.2 2057.7
-0.87133 31.62 0.00059064 23250 23250 16.588 1418.5 1.4545e+07 3.8512e+05 2.1867e+06 0.2 2057.7
-0.86898 35.591 0.00059064 23990 23990 17.13 1418.5 1.306e+07 4.7494e+05 2.2202e+06 0.2 2057.7
-0.86644 39.899 0.00059064 24647 24647 17.613 1418.5 1.1682e+07 5.6957e+05 2.2326e+06 0.2 2057.7
-0.86368 44.573 0.00059064 25238 25238 18.048 1418.5 1.0439e+07 6.6466e+05 2.2229e+06 0.2 2057.7
-0.86068 49.642 0.00059064 25781 25781 18.449 1418.5 9.3243e+06 7.5545e+05 2.1966e+06 0.2 2057.7
-0.85744 55.138 0.00059064 26287 26287 18.823 1418.5 8.3226e+06 8.3766e+05 2.1622e+06 0.2 2057.7
-0.85392 61.096 0.00059064 26764 26764 19.177 1418.5 7.4321e+06 9.0772e+05 2.1156e+06 0.2 2057.7
-0.8501 67.551 0.00059064 27220 27220 19.516 1418.5 6.651e+06 9.6212e+05 2.049e+06 0.2 2057.7
-0.84597 74.543 0.00059064 27660 27660 19.844 1418.5 5.9571e+06 9.9787e+05 1.9666e+06 0.2 2057.7
-0.8415 82.114 0.00059064 28085 28085 20.162 1418.5 5.3154e+06 1.0144e+06 1.8825e+06 0.2 2057.7
-0.83666 90.308 0.00059064 28498 28498 20.471 1418.5 4.72e+06 1.0134e+06 1.799e+06 0.2 2057.7
-0.83143 99.172 0.00059064 28900 28900 20.773 1418.5 4.1991e+06 9.9626e+05 1.7046e+06 0.2 2057.7
-0.82577 108.76 0.00059064 29296 29296 21.07 1418.5 3.7492e+06 9.6473e+05 1.5925e+06 0.2 2057.7
-0.81965 119.11 0.00059064 29689 29689 21.367 1418.5 3.3486e+06 9.2279e+05 1.4625e+06 0.2 2057.7
-0.81304 130.3 0.00059064 30084 30084 21.666 1418.5 2.9867e+06 8.7375e+05 1.3167e+06 0.2 2057.7
-0.80591 142.38 0.00059064 30482 30482 21.968 1418.5 2.6392e+06 8.1846e+05 1.1666e+06 0.2 2057.7
-0.79822 155.4 0.00059064 30884 30884 22.273 1418.5 2.3224e+06 7.5629e+05 1.0233e+06 0.2 2057.7
-0.78992 169.44 0.00059064 31281 31281 22.576 1418.5 2.0307e+06 6.8514e+05 8.8918e+05 0.2 2057.7
-0.78099 184.57 0.00059064 31666 31666 22.87 1418.5 1.7202e+06 6.0518e+05 7.4567e+05 0.2 2057.7
-0.77138 200.84 0.00059064 32032 32032 23.15 1418.5 1.3872e+06 5.225e+05 5.8991e+05 0.2 2057.7
-0.76104 218.34 0.00059064 32362 32362 23.404 1418.5 1.0548e+06 4.4166e+05 4.408e+05 0.2 2057.7
-0.74994 237.14 0.00059064 32630 32630 23.611 1418.5 7.3696e+05 3.6269e+05 3.1187e+05 0.2 2057.7
-0.73803 257.31 0.00059064 32809 32809 23.75 1418.5 4.7223e+05 2.8804e+05 2.0815e+05 0.2 2057.7
-0.72526 278.92 0.00059064 32872 32872 23.799 1418.5 3.0213e+05 2.207e+05 1.3491e+05 0.2 2057.7
-0.71159 302.07 0.00059064 32796 32796 23.74 1418.5 2.1388e+05 1.6183e+05 88374 0.2 2057.7
-0.69698 326.81 0.00059064 32592 32592 23.581 1418.5 1.64e+05 1.1284e+05 58135 0.2 2057.7
-0.68137 353.23 0.00059064 32310 32310 23.36 1418.5 1.1805e+05 75419 38320 0.2 2057.7
-0.66474 381.4 0.00059064 32020 32020 23.133 1418.5 70975 50168 25289 0.2 2057.7
-0.64703 411.38 0.00059064 31784 31784 22.949 1418.5 34425 34656 16505 0.2 2057.7
-0.62821 443.24 0.00059064 31638 31638 22.835 1418.5 15782 25053 11261 0.2 2057.7
-0.60824 477.04 0.00059064 31572 31572 22.783 1418.5 8982.2 18780 8477.4 0.2 2057.7
-0.5871 512.84 0.00059064 31552 31552 22.768 1418.5 6664.3 14495 6950.1 0.2 2057.7
-0.56476 550.66 0.00059064 31547 31547 22.764 1418.5 5448.8 11539 6050.4 0.2 2057.7
-0.54121 590.54 0.00059064 31540 31540 22.758 1418.5 4693.8 9535.5 5505.2 0.2 2057.7
-0.51642 632.51 0.00059064 31531 31531 22.751 1418.5 4205 8196.8 5190.8 0.2 2057.7
-0.4904 676.57 0.00059064 31527 31527 22.748 1418.5 3870.1 7271.8 4967.6 0.2 2057.7
-0.46315 722.7 0.00059064 31543 31543 22.761 1418.5 3607.5 6545.8 4727.4 0.2 2057.7
-0.43469 770.89 0.00059064 31596 31596 22.802 1418.5 3285.4 5982.2 4433.6 0.2 2057.7
-0.40504 821.09 0.00059064 31693 31693 22.878 1418.5 2896.2 5607 4071.4 0.2 2057.7
-0.37424 873.23 0.00059064 31828 31828 22.983 1418.5 2552.7 5343.4 3663.5 0.2 2057.7
-0.34233 927.25 0.00059064 31978 31978 23.1 1418.5 2220.9 5124.4 3219.2 0.2 2057.7
-0.30939 983.03 0.00059064 32111 32111 23.204 1418.5 1840.6 4759.4 2695.1 0.2 2057.7
-0.27547 1040.5 0.00059064 32201 32201 23.273 1418.5 1557.5 4223 2330.9 0.2 2057.7
-0.24066 1099.4 0.00059064 32238 32238 23.302 1418.5 1418.7 3847.3 2272.4 0.2 2057.7
-0.20505 1159.7 0.00059064 32240 32240 23.304 1418.5 1318.2 3799.6 2246.2 0.2 2057.7
-0.16875 1221.1 0.00059064 32232 32232 23.297 1418.5 1240.6 3827.2 2188.1 0.2 2057.7
-0.13187 1283.6 0.00059064 32230 32230 23.295 1418.5 1225.3 3545.8 2172.5 0.2 2057.7
-0.094525 1346.8 0.00059064 32231 32231 23.297 1418.5 1247.3 3422.7 2088.2 0.2 2057.7
-0.05685 1410.6 0.00059064 32231 32231 23.297 1418.5 1230.6 3525.1 1873.6 0.2 2057.7
-0.018973 1474.7 0.00059064 32230 32230 23.295 1418.5 1097.1 3775 1563.5 0.2 2057.7
