% %   <   1 - 5     >   y ( c m ) ,   y + ,   d e l ,   u ( c m / s ) , u +
% %   <   6 - 1 0   >   u v d ,   u t a u ,   u u ,   v v ,   w w
-0.89 0 0.00051481 0 0 0 1485.2 0 0 0 0.2 2371.5
-0.88929 1.3749 0.00051481 2042 2042 1.3749 1485.2 4.6321e+05 114.94 1.0648e+05 0.2 2371.5
-0.88857 2.7775 0.00051481 4080.4 4080.4 2.7482 1485.2 1.8721e+06 1259.9 3.4937e+05 0.2 2371.5
-0.88783 4.2083 0.00051481 6092.1 6092.1 4.1049 1485.2 4.1695e+06 5142.3 6.4127e+05 0.2 2371.5
-0.88708 5.6677 0.00051481 8045.1 8045.1 5.4242 1485.2 7.1082e+06 13312 9.4139e+05 0.2 2371.5
-0.88632 7.1564 0.00051481 9898.3 9898.3 6.6787 1485.2 1.0243e+07 27025 1.2231e+06 0.2 2371.5
-0.88553 8.675 0.00051481 11617 11617 7.8447 1485.2 1.3114e+07 46890 1.4807e+06 0.2 2371.5
-0.88474 10.224 0.00051481 13175 13175 8.9043 1485.2 1.5371e+07 73415 1.7116e+06 0.2 2371.5
-0.88392 11.804 0.00051481 14563 14563 9.8505 1485.2 1.6884e+07 1.0663e+05 1.9177e+06 0.2 2371.5
-0.88309 13.415 0.00051481 15783 15783 10.685 1485.2 1.7685e+07 1.4657e+05 2.1016e+06 0.2 2371.5
-0.88225 15.059 0.00051481 16850 16850 11.416 1485.2 1.7905e+07 1.9293e+05 2.2645e+06 0.2 2371.5
-0.88138 16.735 0.00051481 17780 17780 12.055 1485.2 1.7702e+07 2.4527e+05 2.408e+06 0.2 2371.5
-0.8805 18.445 0.00051481 18592 18592 12.613 1485.2 1.7215e+07 3.0298e+05 2.5324e+06 0.2 2371.5
-0.87961 20.189 0.00051481 19303 19303 13.103 1485.2 1.6557e+07 3.6522e+05 2.6385e+06 0.2 2371.5
-0.87869 21.967 0.00051481 19929 19929 13.536 1485.2 1.5805e+07 4.3117e+05 2.7262e+06 0.2 2371.5
-0.87776 23.781 0.00051481 20483 20483 13.919 1485.2 1.5015e+07 4.9982e+05 2.796e+06 0.2 2371.5
-0.87681 25.631 0.00051481 20977 20977 14.261 1485.2 1.4223e+07 5.7031e+05 2.8489e+06 0.2 2371.5
-0.87583 27.517 0.00051481 21420 21420 14.568 1485.2 1.3452e+07 6.4176e+05 2.8871e+06 0.2 2371.5
-0.87484 29.44 0.00051481 21818 21818 14.845 1485.2 1.2714e+07 7.1345e+05 2.9132e+06 0.2 2371.5
-0.87383 31.402 0.00051481 22179 22179 15.096 1485.2 1.2018e+07 7.8474e+05 2.9301e+06 0.2 2371.5
-0.8728 33.403 0.00051481 22506 22506 15.324 1485.2 1.1368e+07 8.5508e+05 2.9399e+06 0.2 2371.5
-0.87175 35.442 0.00051481 22805 22805 15.532 1485.2 1.0766e+07 9.2398e+05 2.9439e+06 0.2 2371.5
-0.87068 37.522 0.00051481 23077 23077 15.722 1485.2 1.021e+07 9.9102e+05 2.9431e+06 0.2 2371.5
-0.86959 39.643 0.00051481 23328 23328 15.897 1485.2 9.6992e+06 1.0559e+06 2.9386e+06 0.2 2371.5
-0.86848 41.806 0.00051481 23559 23559 16.058 1485.2 9.2299e+06 1.1181e+06 2.9317e+06 0.2 2371.5
-0.86734 44.011 0.00051481 23773 23773 16.208 1485.2 8.7988e+06 1.1776e+06 2.9235e+06 0.2 2371.5
-0.86619 46.259 0.00051481 23971 23971 16.347 1485.2 8.4032e+06 1.234e+06 2.9151e+06 0.2 2371.5
-0.86501 48.551 0.00051481 24157 24157 16.477 1485.2 8.0399e+06 1.2872e+06 2.9069e+06 0.2 2371.5
-0.8638 50.888 0.00051481 24330 24330 16.598 1485.2 7.7051e+06 1.337e+06 2.899e+06 0.2 2371.5
-0.86258 53.271 0.00051481 24493 24493 16.712 1485.2 7.3953e+06 1.3835e+06 2.8905e+06 0.2 2371.5
-0.86132 55.7 0.00051481 24647 24647 16.82 1485.2 7.1082e+06 1.4265e+06 2.8807e+06 0.2 2371.5
-0.86005 58.176 0.00051481 24793 24793 16.923 1485.2 6.8424e+06 1.4663e+06 2.869e+06 0.2 2371.5
-0.85875 60.701 0.00051481 24932 24932 17.021 1485.2 6.5971e+06 1.5028e+06 2.8555e+06 0.2 2371.5
-0.85743 63.274 0.00051481 25065 25065 17.114 1485.2 6.3715e+06 1.536e+06 2.8406e+06 0.2 2371.5
-0.85608 65.897 0.00051481 25193 25193 17.204 1485.2 6.1658e+06 1.566e+06 2.8245e+06 0.2 2371.5
-0.8547 68.571 0.00051481 25315 25315 17.291 1485.2 5.9794e+06 1.5931e+06 2.8077e+06 0.2 2371.5
-0.8533 71.297 0.00051481 25434 25434 17.374 1485.2 5.81e+06 1.6173e+06 2.7903e+06 0.2 2371.5
-0.85187 74.075 0.00051481 25550 25550 17.456 1485.2 5.6526e+06 1.6388e+06 2.7724e+06 0.2 2371.5
-0.85041 76.906 0.00051481 25662 25662 17.535 1485.2 5.502e+06 1.658e+06 2.7531e+06 0.2 2371.5
-0.84892 79.792 0.00051481 25772 25772 17.612 1485.2 5.3555e+06 1.6748e+06 2.7319e+06 0.2 2371.5
-0.84741 82.733 0.00051481 25879 25879 17.688 1485.2 5.2125e+06 1.6895e+06 2.7084e+06 0.2 2371.5
-0.84586 85.731 0.00051481 25985 25985 17.763 1485.2 5.0728e+06 1.7022e+06 2.6831e+06 0.2 2371.5
-0.84429 88.786 0.00051481 26089 26089 17.836 1485.2 4.9367e+06 1.7128e+06 2.6565e+06 0.2 2371.5
-0.84269 91.899 0.00051481 26191 26191 17.909 1485.2 4.8077e+06 1.7213e+06 2.6293e+06 0.2 2371.5
-0.84106 95.071 0.00051481 26293 26293 17.981 1485.2 4.6888e+06 1.7278e+06 2.6017e+06 0.2 2371.5
-0.83939 98.304 0.00051481 26395 26395 18.052 1485.2 4.5791e+06 1.7321e+06 2.5744e+06 0.2 2371.5
-0.8377 101.6 0.00051481 26496 26496 18.124 1485.2 4.4774e+06 1.7342e+06 2.5476e+06 0.2 2371.5
-0.83597 104.95 0.00051481 26596 26596 18.195 1485.2 4.3826e+06 1.7341e+06 2.5212e+06 0.2 2371.5
-0.83421 108.37 0.00051481 26694 26694 18.264 1485.2 4.2936e+06 1.7318e+06 2.4953e+06 0.2 2371.5
-0.83241 111.86 0.00051481 26791 26791 18.333 1485.2 4.2096e+06 1.7272e+06 2.4697e+06 0.2 2371.5
-0.83059 115.41 0.00051481 26887 26887 18.401 1485.2 4.1296e+06 1.7206e+06 2.4443e+06 0.2 2371.5
-0.82873 119.02 0.00051481 26983 26983 18.469 1485.2 4.0526e+06 1.7121e+06 2.419e+06 0.2 2371.5
-0.82683 122.71 0.00051481 27078 27078 18.536 1485.2 3.979e+06 1.702e+06 2.3932e+06 0.2 2371.5
-0.8249 126.46 0.00051481 27173 27173 18.604 1485.2 3.9096e+06 1.6903e+06 2.3669e+06 0.2 2371.5
-0.82293 130.28 0.00051481 27269 27269 18.672 1485.2 3.8443e+06 1.6774e+06 2.3393e+06 0.2 2371.5
-0.82093 134.17 0.00051481 27365 27365 18.74 1485.2 3.784e+06 1.6635e+06 2.3089e+06 0.2 2371.5
-0.81888 138.14 0.00051481 27461 27461 18.809 1485.2 3.7298e+06 1.6487e+06 2.2753e+06 0.2 2371.5
-0.8168 142.18 0.00051481 27557 27557 18.877 1485.2 3.6793e+06 1.6332e+06 2.2401e+06 0.2 2371.5
-0.81469 146.29 0.00051481 27653 27653 18.945 1485.2 3.6303e+06 1.6171e+06 2.2056e+06 0.2 2371.5
-0.81253 150.48 0.00051481 27749 27749 19.014 1485.2 3.5819e+06 1.6002e+06 2.1729e+06 0.2 2371.5
-0.81033 154.75 0.00051481 27846 27846 19.083 1485.2 3.5306e+06 1.5824e+06 2.1407e+06 0.2 2371.5
-0.8081 159.09 0.00051481 27944 27944 19.153 1485.2 3.476e+06 1.5637e+06 2.1078e+06 0.2 2371.5
-0.80582 163.51 0.00051481 28043 28043 19.223 1485.2 3.4212e+06 1.5437e+06 2.0722e+06 0.2 2371.5
-0.8035 168.02 0.00051481 28142 28142 19.294 1485.2 3.3673e+06 1.5226e+06 2.0326e+06 0.2 2371.5
-0.80114 172.6 0.00051481 28241 28241 19.365 1485.2 3.3142e+06 1.5004e+06 1.9905e+06 0.2 2371.5
-0.79874 177.27 0.00051481 28343 28343 19.438 1485.2 3.2608e+06 1.4773e+06 1.9484e+06 0.2 2371.5
-0.79629 182.02 0.00051481 28445 28445 19.511 1485.2 3.208e+06 1.4533e+06 1.908e+06 0.2 2371.5
-0.7938 186.86 0.00051481 28548 28548 19.585 1485.2 3.1542e+06 1.4285e+06 1.8688e+06 0.2 2371.5
-0.79127 191.79 0.00051481 28652 28652 19.659 1485.2 3.0973e+06 1.4028e+06 1.8282e+06 0.2 2371.5
-0.78869 196.8 0.00051481 28755 28755 19.733 1485.2 3.0384e+06 1.3763e+06 1.7846e+06 0.2 2371.5
-0.78606 201.9 0.00051481 28859 28859 19.807 1485.2 2.9783e+06 1.3489e+06 1.7384e+06 0.2 2371.5
-0.78339 207.09 0.00051481 28962 28962 19.881 1485.2 2.9164e+06 1.3208e+06 1.6905e+06 0.2 2371.5
-0.78067 212.38 0.00051481 29065 29065 19.956 1485.2 2.8535e+06 1.2923e+06 1.6423e+06 0.2 2371.5
-0.7779 217.75 0.00051481 29169 29169 20.03 1485.2 2.7899e+06 1.2635e+06 1.593e+06 0.2 2371.5
-0.77508 223.23 0.00051481 29274 29274 20.105 1485.2 2.7221e+06 1.2342e+06 1.5417e+06 0.2 2371.5
-0.77221 228.79 0.00051481 29380 29380 20.182 1485.2 2.6478e+06 1.204e+06 1.4888e+06 0.2 2371.5
-0.7693 234.46 0.00051481 29487 29487 20.259 1485.2 2.5687e+06 1.1728e+06 1.4335e+06 0.2 2371.5
-0.76633 240.22 0.00051481 29595 29595 20.336 1485.2 2.4871e+06 1.1403e+06 1.3755e+06 0.2 2371.5
-0.76331 246.08 0.00051481 29702 29702 20.414 1485.2 2.4044e+06 1.1064e+06 1.3145e+06 0.2 2371.5
-0.76024 252.05 0.00051481 29809 29809 20.491 1485.2 2.3204e+06 1.0707e+06 1.2505e+06 0.2 2371.5
-0.75712 258.11 0.00051481 29916 29916 20.568 1485.2 2.2338e+06 1.0327e+06 1.1847e+06 0.2 2371.5
-0.75394 264.28 0.00051481 30022 30022 20.645 1485.2 2.1434e+06 9.9238e+05 1.1188e+06 0.2 2371.5
-0.75071 270.56 0.00051481 30128 30128 20.721 1485.2 2.0475e+06 9.5009e+05 1.0538e+06 0.2 2371.5
-0.74743 276.94 0.00051481 30233 30233 20.798 1485.2 1.9447e+06 9.0632e+05 9.9042e+05 0.2 2371.5
-0.74409 283.43 0.00051481 30338 30338 20.874 1485.2 1.8352e+06 8.6163e+05 9.2893e+05 0.2 2371.5
-0.74069 290.02 0.00051481 30442 30442 20.949 1485.2 1.721e+06 8.166e+05 8.6888e+05 0.2 2371.5
-0.73724 296.73 0.00051481 30545 30545 21.024 1485.2 1.6058e+06 7.7154e+05 8.0968e+05 0.2 2371.5
-0.73373 303.55 0.00051481 30644 30644 21.096 1485.2 1.4933e+06 7.2672e+05 7.5141e+05 0.2 2371.5
-0.73016 310.48 0.00051481 30741 30741 21.166 1485.2 1.3849e+06 6.8249e+05 6.9419e+05 0.2 2371.5
-0.72653 317.53 0.00051481 30834 30834 21.234 1485.2 1.2781e+06 6.3921e+05 6.3741e+05 0.2 2371.5
-0.72285 324.69 0.00051481 30922 30922 21.299 1485.2 1.1702e+06 5.9706e+05 5.808e+05 0.2 2371.5
-0.7191 331.97 0.00051481 31007 31007 21.36 1485.2 1.0622e+06 5.5597e+05 5.2488e+05 0.2 2371.5
-0.71529 339.37 0.00051481 31087 31087 21.419 1485.2 9.554e+05 5.1572e+05 4.7082e+05 0.2 2371.5
-0.71142 346.88 0.00051481 31163 31163 21.474 1485.2 8.5073e+05 4.7622e+05 4.1987e+05 0.2 2371.5
-0.70749 354.52 0.00051481 31234 31234 21.527 1485.2 7.502e+05 4.3775e+05 3.7266e+05 0.2 2371.5
-0.7035 362.28 0.00051481 31301 31301 21.575 1485.2 6.5594e+05 4.0065e+05 3.3019e+05 0.2 2371.5
-0.69944 370.16 0.00051481 31362 31362 21.62 1485.2 5.694e+05 3.6501e+05 2.928e+05 0.2 2371.5
-0.69532 378.16 0.00051481 31417 31417 21.66 1485.2 4.8939e+05 3.3066e+05 2.5908e+05 0.2 2371.5
-0.69113 386.3 0.00051481 31466 31466 21.697 1485.2 4.1557e+05 2.9765e+05 2.2802e+05 0.2 2371.5
-0.68688 394.55 0.00051481 31511 31511 21.73 1485.2 3.497e+05 2.6621e+05 1.9965e+05 0.2 2371.5
-0.68256 402.94 0.00051481 31550 31550 21.759 1485.2 2.9197e+05 2.3653e+05 1.7337e+05 0.2 2371.5
-0.67818 411.46 0.00051481 31585 31585 21.784 1485.2 2.4249e+05 2.0891e+05 1.4807e+05 0.2 2371.5
-0.67373 420.1 0.00051481 31616 31616 21.807 1485.2 2.0062e+05 1.8365e+05 1.2437e+05 0.2 2371.5
-0.66921 428.88 0.00051481 31642 31642 21.826 1485.2 1.6484e+05 1.6089e+05 1.0335e+05 0.2 2371.5
-0.66462 437.79 0.00051481 31665 31665 21.843 1485.2 1.346e+05 1.4052e+05 85331 0.2 2371.5
-0.65997 446.83 0.00051481 31684 31684 21.858 1485.2 1.0893e+05 1.2224e+05 70575 0.2 2371.5
-0.65524 456.01 0.00051481 31702 31702 21.871 1485.2 87197 1.057e+05 58703 0.2 2371.5
-0.65045 465.32 0.00051481 31718 31718 21.882 1485.2 70807 90690 49391 0.2 2371.5
-0.64558 474.77 0.00051481 31733 31733 21.893 1485.2 58528 77326 42150 0.2 2371.5
-0.64065 484.36 0.00051481 31748 31748 21.904 1485.2 48000 65885 35884 0.2 2371.5
-0.63564 494.09 0.00051481 31763 31763 21.916 1485.2 38885 56415 30432 0.2 2371.5
-0.63056 503.95 0.00051481 31779 31779 21.927 1485.2 31983 48586 26158 0.2 2371.5
-0.62541 513.96 0.00051481 31796 31796 21.94 1485.2 26721 42043 22817 0.2 2371.5
-0.62018 524.1 0.00051481 31813 31813 21.952 1485.2 22529 36589 20149 0.2 2371.5
-0.61489 534.39 0.00051481 31830 31830 21.965 1485.2 19241 32107 18048 0.2 2371.5
-0.60952 544.82 0.00051481 31849 31849 21.979 1485.2 16590 28449 16361 0.2 2371.5
-0.60407 555.4 0.00051481 31867 31867 21.993 1485.2 14421 25434 14920 0.2 2371.5
-0.59856 566.12 0.00051481 31886 31886 22.006 1485.2 12672 22906 13647 0.2 2371.5
-0.59296 576.98 0.00051481 31905 31905 22.02 1485.2 11262 20761 12524 0.2 2371.5
-0.5873 587.99 0.00051481 31923 31923 22.034 1485.2 10102 18932 11597 0.2 2371.5
-0.58155 599.14 0.00051481 31942 31942 22.047 1485.2 9109.2 17365 10885 0.2 2371.5
-0.57574 610.44 0.00051481 31959 31959 22.06 1485.2 8260.7 16012 10284 0.2 2371.5
-0.56984 621.89 0.00051481 31976 31976 22.073 1485.2 7545.1 14829 9753.3 0.2 2371.5
-0.56388 633.48 0.00051481 31993 31993 22.085 1485.2 6942.5 13788 9296.2 0.2 2371.5
-0.55783 645.22 0.00051481 32009 32009 22.097 1485.2 6433.9 12876 8904.9 0.2 2371.5
-0.55171 657.11 0.00051481 32025 32025 22.109 1485.2 6004.2 12090 8532.7 0.2 2371.5
-0.54551 669.15 0.00051481 32041 32041 22.12 1485.2 5650.2 11417 8139.6 0.2 2371.5
-0.53924 681.33 0.00051481 32056 32056 22.131 1485.2 5373.4 10833 7733.9 0.2 2371.5
-0.53289 693.66 0.00051481 32071 32071 22.142 1485.2 5147.8 10312 7339.9 0.2 2371.5
-0.52647 706.14 0.00051481 32085 32085 22.152 1485.2 4943.3 9842.9 6974.8 0.2 2371.5
-0.51997 718.77 0.00051481 32098 32098 22.162 1485.2 4744.2 9422.8 6656.7 0.2 2371.5
-0.51339 731.55 0.00051481 32111 32111 22.172 1485.2 4547.8 9052.7 6399.6 0.2 2371.5
-0.50674 744.47 0.00051481 32123 32123 22.181 1485.2 4361.1 8728.8 6203.6 0.2 2371.5
-0.50001 757.54 0.00051481 32136 32136 22.19 1485.2 4190.5 8444.6 6057.4 0.2 2371.5
-0.4932 770.76 0.00051481 32148 32148 22.199 1485.2 4036.8 8192 5944.4 0.2 2371.5
-0.48632 784.13 0.00051481 32160 32160 22.207 1485.2 3896.6 7962.9 5848.8 0.2 2371.5
-0.47937 797.64 0.00051481 32171 32171 22.216 1485.2 3765.5 7752.2 5758.6 0.2 2371.5
-0.47233 811.3 0.00051481 32182 32182 22.224 1485.2 3638.6 7558.1 5666.3 0.2 2371.5
-0.46523 825.1 0.00051481 32193 32193 22.231 1485.2 3511.2 7383 5569.5 0.2 2371.5
-0.45805 839.05 0.00051481 32203 32203 22.239 1485.2 3378 7232.9 5471.5 0.2 2371.5
-0.45079 853.14 0.00051481 32214 32214 22.247 1485.2 3235.3 7111.8 5380.1 0.2 2371.5
-0.44347 867.37 0.00051481 32224 32224 22.254 1485.2 3085.9 7014.4 5299.8 0.2 2371.5
-0.43606 881.75 0.00051481 32234 32234 22.262 1485.2 2943.5 6927.1 5224.2 0.2 2371.5
-0.42859 896.26 0.00051481 32245 32245 22.269 1485.2 2828.2 6836.9 5138.5 0.2 2371.5
-0.42105 910.92 0.00051481 32255 32255 22.277 1485.2 2752.1 6740.5 5035.7 0.2 2371.5
-0.41343 925.72 0.00051481 32265 32265 22.284 1485.2 2705.9 6645.6 4925.8 0.2 2371.5
-0.40574 940.65 0.00051481 32275 32275 22.291 1485.2 2666.1 6564.2 4827.4 0.2 2371.5
-0.39798 955.72 0.00051481 32285 32285 22.298 1485.2 2616.9 6501.8 4751.6 0.2 2371.5
-0.39015 970.93 0.00051481 32294 32294 22.305 1485.2 2561.8 6454.2 4693.8 0.2 2371.5
-0.38226 986.27 0.00051481 32304 32304 22.312 1485.2 2513.5 6410.6 4635.9 0.2 2371.5
-0.37429 1001.7 0.00051481 32313 32313 22.319 1485.2 2479.9 6361.3 4560.5 0.2 2371.5
-0.36626 1017.3 0.00051481 32323 32323 22.326 1485.2 2461.2 6302.6 4470.3 0.2 2371.5
-0.35816 1033.1 0.00051481 32332 32332 22.333 1485.2 2453.3 6240 4390.1 0.2 2371.5
-0.35 1048.9 0.00051481 32342 32342 22.34 1485.2 2448.9 6183.9 4345.9 0.2 2371.5
-0.34177 1064.9 0.00051481 32351 32351 22.347 1485.2 2440.3 6134.9 4344.6 0.2 2371.5
-0.33348 1081 0.00051481 32360 32360 22.353 1485.2 2423.5 6081.7 4375.6 0.2 2371.5
-0.32513 1097.2 0.00051481 32369 32369 22.36 1485.2 2398.6 6018 4420.3 0.2 2371.5
-0.31672 1113.6 0.00051481 32377 32377 22.365 1485.2 2366.7 5951.9 4458.2 0.2 2371.5
-0.30824 1130 0.00051481 32384 32384 22.371 1485.2 2329.9 5892.1 4476.1 0.2 2371.5
-0.29971 1146.6 0.00051481 32391 32391 22.376 1485.2 2291.8 5832 4474.1 0.2 2371.5
-0.29112 1163.3 0.00051481 32397 32397 22.38 1485.2 2254.9 5761.5 4457.8 0.2 2371.5
-0.28248 1180.1 0.00051481 32403 32403 22.384 1485.2 2218.7 5685.8 4428.6 0.2 2371.5
-0.27378 1197 0.00051481 32407 32407 22.387 1485.2 2184.3 5619.7 4384.1 0.2 2371.5
-0.26502 1214 0.00051481 32410 32410 22.389 1485.2 2156.6 5580.1 4322.8 0.2 2371.5
-0.25622 1231.1 0.00051481 32411 32411 22.39 1485.2 2140.7 5578 4248.9 0.2 2371.5
-0.24736 1248.3 0.00051481 32411 32411 22.39 1485.2 2133.5 5602.2 4176.7 0.2 2371.5
-0.23845 1265.6 0.00051481 32411 32411 22.39 1485.2 2123.8 5615.2 4128.1 0.2 2371.5
-0.2295 1283 0.00051481 32409 32409 22.389 1485.2 2101.3 5578.1 4117.9 0.2 2371.5
-0.2205 1300.5 0.00051481 32408 32408 22.388 1485.2 2065.8 5483.9 4141.7 0.2 2371.5
-0.21145 1318 0.00051481 32406 32406 22.386 1485.2 2026.4 5360.8 4181.8 0.2 2371.5
-0.20237 1335.7 0.00051481 32405 32405 22.386 1485.2 1996.1 5241.5 4225.5 0.2 2371.5
-0.19324 1353.4 0.00051481 32404 32404 22.385 1485.2 1984.3 5151.1 4270.9 0.2 2371.5
-0.18407 1371.2 0.00051481 32403 32403 22.384 1485.2 1990 5119 4316.4 0.2 2371.5
-0.17486 1389.1 0.00051481 32402 32402 22.383 1485.2 2003.1 5166.7 4348.4 0.2 2371.5
-0.16562 1407.1 0.00051481 32402 32402 22.383 1485.2 2016.7 5279.4 4341.4 0.2 2371.5
-0.15634 1425.1 0.00051481 32401 32401 22.383 1485.2 2033.5 5411.3 4281.5 0.2 2371.5
-0.14703 1443.2 0.00051481 32402 32402 22.383 1485.2 2053.8 5519.3 4196.2 0.2 2371.5
-0.13769 1461.3 0.00051481 32402 32402 22.383 1485.2 2062 5582.1 4139.2 0.2 2371.5
-0.12832 1479.5 0.00051481 32401 32401 22.383 1485.2 2042 5599 4128 0.2 2371.5
-0.11893 1497.8 0.00051481 32401 32401 22.383 1485.2 2000 5585.4 4130.3 0.2 2371.5
-0.10951 1516.1 0.00051481 32400 32400 22.382 1485.2 1958.3 5563.1 4115.9 0.2 2371.5
-0.10006 1534.4 0.00051481 32400 32400 22.382 1485.2 1932.7 5554.4 4082.3 0.2 2371.5
-0.090597 1552.8 0.00051481 32399 32399 22.381 1485.2 1925.5 5576.9 4036.6 0.2 2371.5
-0.081113 1571.2 0.00051481 32398 32398 22.381 1485.2 1929.9 5624.6 3983.6 0.2 2371.5
-0.071611 1589.7 0.00051481 32397 32397 22.38 1485.2 1936.2 5666.8 3928.6 0.2 2371.5
-0.062094 1608.2 0.00051481 32397 32397 22.38 1485.2 1937.5 5682.2 3879.2 0.2 2371.5
-0.052563 1626.7 0.00051481 32396 32396 22.379 1485.2 1931.9 5679 3844.9 0.2 2371.5
-0.043022 1645.2 0.00051481 32396 32396 22.379 1485.2 1920.9 5662.2 3831.4 0.2 2371.5
-0.033471 1663.8 0.00051481 32395 32395 22.379 1485.2 1907 5621.4 3833.3 0.2 2371.5
-0.023913 1682.3 0.00051481 32395 32395 22.378 1485.2 1892.4 5561.9 3837.7 0.2 2371.5
-0.01435 1700.9 0.00051481 32395 32395 22.378 1485.2 1879.4 5504.7 3837.8 0.2 2371.5
-0.0047836 1719.5 0.00051481 32395 32395 22.378 1485.2 1871.7 5468.2 3836.2 0.2 2371.5
