% %   <   1 - 5     >   y ( c m ) ,   y + ,   d e l ,   u ( c m / s ) , u +
% %   <   6 - 1 0   >   u v d ,   u t a u ,   u u ,   v v ,   w w
-0.89002 0 0.00056911 0 0 0 1363.6 0 0 0 0.2 1979.5
-0.8893 1.2663 0.00056911 1726.7 1726.7 1.2663 1363.6 2.8101e+05 25.633 60879 0.2 1979.5
-0.88854 2.5975 0.00056911 3499 3499 2.5665 1363.6 1.1749e+06 262.14 2.1447e+05 0.2 1979.5
-0.88775 3.9971 0.00056911 5309.6 5309.6 3.896 1363.6 2.7478e+06 1142.7 4.2287e+05 0.2 1979.5
-0.88691 5.4683 0.00056911 7139.2 7139.2 5.2411 1363.6 5.0053e+06 3268.2 6.6132e+05 0.2 1979.5
-0.88603 7.0148 0.00056911 8964.9 8964.9 6.5856 1363.6 7.826e+06 7316.4 9.101e+05 0.2 1979.5
-0.8851 8.6403 0.00056911 10755 10755 7.9068 1363.6 1.0945e+07 13962 1.1583e+06 0.2 1979.5
-0.88413 10.349 0.00056911 12474 12474 9.1786 1363.6 1.3977e+07 23900 1.3986e+06 0.2 1979.5
-0.88311 12.145 0.00056911 14089 14089 10.377 1363.6 1.6545e+07 37766 1.627e+06 0.2 1979.5
-0.88203 14.032 0.00056911 15572 15572 11.481 1363.6 1.8386e+07 56259 1.8406e+06 0.2 1979.5
-0.88091 16.015 0.00056911 16911 16911 12.48 1363.6 1.942e+07 79988 2.0366e+06 0.2 1979.5
-0.87972 18.099 0.00056911 18101 18101 13.371 1363.6 1.9719e+07 1.0958e+05 2.2122e+06 0.2 1979.5
-0.87847 20.289 0.00056911 19151 19151 14.158 1363.6 1.9442e+07 1.4547e+05 2.3643e+06 0.2 1979.5
-0.87716 22.589 0.00056911 20072 20072 14.852 1363.6 1.8765e+07 1.8793e+05 2.4903e+06 0.2 1979.5
-0.87579 25.006 0.00056911 20881 20881 15.462 1363.6 1.7838e+07 2.3698e+05 2.5893e+06 0.2 1979.5
-0.87434 27.545 0.00056911 21592 21592 15.999 1363.6 1.6781e+07 2.9237e+05 2.6617e+06 0.2 1979.5
-0.87283 30.213 0.00056911 22218 22218 16.473 1363.6 1.5676e+07 3.5366e+05 2.7093e+06 0.2 1979.5
-0.87123 33.014 0.00056911 22772 22772 16.894 1363.6 1.458e+07 4.2012e+05 2.736e+06 0.2 1979.5
-0.86956 35.956 0.00056911 23263 23263 17.267 1363.6 1.3532e+07 4.9087e+05 2.7461e+06 0.2 1979.5
-0.8678 39.046 0.00056911 23702 23702 17.602 1363.6 1.2555e+07 5.6482e+05 2.7444e+06 0.2 1979.5
-0.86595 42.291 0.00056911 24097 24097 17.903 1363.6 1.1663e+07 6.4076e+05 2.734e+06 0.2 1979.5
-0.86401 45.697 0.00056911 24453 24453 18.175 1363.6 1.0862e+07 7.174e+05 2.7161e+06 0.2 1979.5
-0.86198 49.273 0.00056911 24777 24777 18.423 1363.6 1.0155e+07 7.9336e+05 2.6914e+06 0.2 1979.5
-0.85984 53.027 0.00056911 25074 25074 18.65 1363.6 9.5381e+06 8.6727e+05 2.6609e+06 0.2 1979.5
-0.8576 56.967 0.00056911 25347 25347 18.859 1363.6 8.9965e+06 9.3781e+05 2.6257e+06 0.2 1979.5
-0.85525 61.102 0.00056911 25601 25601 19.054 1363.6 8.5125e+06 1.0039e+06 2.5874e+06 0.2 1979.5
-0.85278 65.44 0.00056911 25840 25840 19.238 1363.6 8.0681e+06 1.0644e+06 2.548e+06 0.2 1979.5
-0.85019 69.992 0.00056911 26069 26069 19.414 1363.6 7.6523e+06 1.1187e+06 2.5096e+06 0.2 1979.5
-0.84747 74.767 0.00056911 26290 26290 19.585 1363.6 7.267e+06 1.1658e+06 2.4734e+06 0.2 1979.5
-0.84462 79.775 0.00056911 26508 26508 19.753 1363.6 6.9194e+06 1.2052e+06 2.4392e+06 0.2 1979.5
-0.84163 85.027 0.00056911 26723 26723 19.919 1363.6 6.6051e+06 1.2367e+06 2.4046e+06 0.2 1979.5
-0.8385 90.534 0.00056911 26936 26936 20.084 1363.6 6.3056e+06 1.2606e+06 2.3662e+06 0.2 1979.5
-0.83521 96.306 0.00056911 27148 27148 20.248 1363.6 6.0081e+06 1.2771e+06 2.3226e+06 0.2 1979.5
-0.83177 102.36 0.00056911 27359 27359 20.411 1363.6 5.7179e+06 1.2865e+06 2.2728e+06 0.2 1979.5
-0.82816 108.7 0.00056911 27570 27570 20.575 1363.6 5.4446e+06 1.2893e+06 2.2139e+06 0.2 1979.5
-0.82438 115.34 0.00056911 27781 27781 20.738 1363.6 5.1892e+06 1.2859e+06 2.1419e+06 0.2 1979.5
-0.82042 122.3 0.00056911 27991 27991 20.902 1363.6 4.9521e+06 1.277e+06 2.0591e+06 0.2 1979.5
-0.81627 129.59 0.00056911 28202 28202 21.066 1363.6 4.7344e+06 1.2624e+06 1.9735e+06 0.2 1979.5
-0.81193 137.22 0.00056911 28414 28414 21.231 1363.6 4.5331e+06 1.2413e+06 1.8865e+06 0.2 1979.5
-0.80738 145.2 0.00056911 28626 28626 21.397 1363.6 4.3447e+06 1.2135e+06 1.7928e+06 0.2 1979.5
-0.80263 153.56 0.00056911 28836 28836 21.561 1363.6 4.1632e+06 1.1795e+06 1.6899e+06 0.2 1979.5
-0.79765 162.3 0.00056911 29045 29045 21.725 1363.6 3.9776e+06 1.1401e+06 1.5811e+06 0.2 1979.5
-0.79245 171.45 0.00056911 29252 29252 21.887 1363.6 3.7845e+06 1.0959e+06 1.471e+06 0.2 1979.5
-0.787 181.01 0.00056911 29460 29460 22.05 1363.6 3.5828e+06 1.0468e+06 1.3626e+06 0.2 1979.5
-0.78132 191.01 0.00056911 29670 29670 22.215 1363.6 3.3624e+06 9.9318e+05 1.2577e+06 0.2 1979.5
-0.77537 201.45 0.00056911 29882 29882 22.382 1363.6 3.1189e+06 9.3571e+05 1.1566e+06 0.2 1979.5
-0.76916 212.36 0.00056911 30093 30093 22.548 1363.6 2.8603e+06 8.7497e+05 1.0583e+06 0.2 1979.5
-0.76268 223.76 0.00056911 30300 30300 22.712 1363.6 2.5891e+06 8.1104e+05 9.6141e+05 0.2 1979.5
-0.75591 235.65 0.00056911 30503 30503 22.873 1363.6 2.3061e+06 7.4405e+05 8.6251e+05 0.2 1979.5
-0.74885 248.06 0.00056911 30701 30701 23.03 1363.6 2.0204e+06 6.7516e+05 7.5856e+05 0.2 1979.5
-0.74148 261 0.00056911 30893 30893 23.183 1363.6 1.7375e+06 6.0654e+05 6.5108e+05 0.2 1979.5
-0.7338 274.5 0.00056911 31078 31078 23.33 1363.6 1.4525e+06 5.3963e+05 5.4487e+05 0.2 1979.5
-0.72579 288.56 0.00056911 31253 31253 23.469 1363.6 1.1739e+06 4.7434e+05 4.4693e+05 0.2 1979.5
-0.71746 303.21 0.00056911 31411 31411 23.596 1363.6 9.2651e+05 4.1029e+05 3.6161e+05 0.2 1979.5
-0.70877 318.47 0.00056911 31549 31549 23.706 1363.6 7.1605e+05 3.485e+05 2.8853e+05 0.2 1979.5
-0.69974 334.35 0.00056911 31665 31665 23.799 1363.6 5.3303e+05 2.9044e+05 2.2686e+05 0.2 1979.5
-0.69034 350.86 0.00056911 31760 31760 23.875 1363.6 3.7992e+05 2.3725e+05 1.7543e+05 0.2 1979.5
-0.68057 368.03 0.00056911 31834 31834 23.935 1363.6 2.6115e+05 1.9006e+05 1.3263e+05 0.2 1979.5
-0.67042 385.87 0.00056911 31892 31892 23.982 1363.6 1.7494e+05 1.4947e+05 98272 0.2 1979.5
-0.65988 404.39 0.00056911 31940 31940 24.021 1363.6 1.18e+05 1.1555e+05 71444 0.2 1979.5
-0.64893 423.62 0.00056911 31981 31981 24.053 1363.6 79682 88468 52094 0.2 1979.5
-0.63758 443.56 0.00056911 32016 32016 24.082 1363.6 51198 67681 39545 0.2 1979.5
-0.62582 464.23 0.00056911 32053 32053 24.112 1363.6 32819 51764 31042 0.2 1979.5
-0.61363 485.64 0.00056911 32093 32093 24.144 1363.6 23095 39707 24915 0.2 1979.5
-0.60102 507.81 0.00056911 32135 32135 24.178 1363.6 17080 31067 20458 0.2 1979.5
-0.58797 530.73 0.00056911 32175 32175 24.21 1363.6 12834 25149 17228 0.2 1979.5
-0.57449 554.43 0.00056911 32214 32214 24.242 1363.6 10130 21068 14843 0.2 1979.5
-0.56055 578.91 0.00056911 32251 32251 24.271 1363.6 8363.8 18180 13075 0.2 1979.5
-0.54618 604.17 0.00056911 32285 32285 24.298 1363.6 7148.6 16072 11817 0.2 1979.5
-0.53135 630.22 0.00056911 32318 32318 24.325 1363.6 6297.4 14456 10890 0.2 1979.5
-0.51607 657.07 0.00056911 32350 32350 24.351 1363.6 5587.6 13143 10022 0.2 1979.5
-0.50035 684.7 0.00056911 32381 32381 24.375 1363.6 4946 12029 9101.4 0.2 1979.5
-0.48417 713.13 0.00056911 32408 32408 24.397 1363.6 4486.9 11064 8322.4 0.2 1979.5
-0.46755 742.34 0.00056911 32432 32432 24.416 1363.6 4228.6 10248 7806 0.2 1979.5
-0.45048 772.33 0.00056911 32455 32455 24.434 1363.6 3990.5 9625.8 7399.9 0.2 1979.5
-0.43297 803.09 0.00056911 32477 32477 24.451 1363.6 3698.5 9220.5 7045.7 0.2 1979.5
-0.41504 834.61 0.00056911 32499 32499 24.469 1363.6 3437.5 8970.6 6809 0.2 1979.5
-0.39667 866.87 0.00056911 32521 32521 24.487 1363.6 3248 8779.5 6660.3 0.2 1979.5
-0.3779 899.86 0.00056911 32544 32544 24.505 1363.6 3104.6 8578.3 6533.2 0.2 1979.5
-0.35871 933.57 0.00056911 32567 32567 24.523 1363.6 2992.2 8364.9 6408.5 0.2 1979.5
-0.33914 967.96 0.00056911 32588 32588 24.539 1363.6 2915 8203.6 6276.9 0.2 1979.5
-0.31919 1003 0.00056911 32606 32606 24.554 1363.6 2861.6 8126.4 6115.7 0.2 1979.5
-0.29888 1038.7 0.00056911 32622 32622 24.567 1363.6 2806.4 8053.1 5929.8 0.2 1979.5
-0.27822 1075 0.00056911 32633 32633 24.575 1363.6 2741.8 7919.4 5760.7 0.2 1979.5
-0.25724 1111.9 0.00056911 32639 32639 24.58 1363.6 2683.2 7767.9 5639 0.2 1979.5
-0.23595 1149.3 0.00056911 32640 32640 24.581 1363.6 2641.8 7655.6 5570.2 0.2 1979.5
-0.21438 1187.2 0.00056911 32639 32639 24.58 1363.6 2615.4 7569.2 5553.5 0.2 1979.5
-0.19254 1225.6 0.00056911 32636 32636 24.578 1363.6 2595.4 7506.2 5574.4 0.2 1979.5
-0.17046 1264.3 0.00056911 32634 32634 24.576 1363.6 2572.5 7500.7 5593.2 0.2 1979.5
-0.14818 1303.5 0.00056911 32633 32633 24.575 1363.6 2551.2 7498.9 5576.6 0.2 1979.5
-0.1257 1343 0.00056911 32631 32631 24.574 1363.6 2542.9 7488.2 5543.5 0.2 1979.5
-0.10307 1382.8 0.00056911 32630 32630 24.573 1363.6 2548.6 7523.2 5528.7 0.2 1979.5
-0.080302 1422.8 0.00056911 32628 32628 24.572 1363.6 2560.8 7527.9 5520.5 0.2 1979.5
-0.057433 1463 0.00056911 32627 32627 24.571 1363.6 2564.9 7484.8 5477.2 0.2 1979.5
-0.034489 1503.3 0.00056911 32626 32626 24.57 1363.6 2552 7566.4 5387.5 0.2 1979.5
-0.011501 1543.7 0.00056911 32626 32626 24.57 1363.6 2536.2 7756.6 5306.4 0.2 1979.5
