%#DataThief /Users/bolson/Desktop/Picture 1.png Wednesday 25-May-2011 3:41:47 PM
2.06e-2, 1.32
2.58e-2, 1.24
3.1e-2, 1.24
3.62e-2, 1.24
4.14e-2, 1.24
4.66e-2, 1.24
5.18e-2, 1.32
5.7e-2, 1.32
6.22e-2, 1.32
6.74e-2, 1.32
7.26e-2, 1.32
7.78e-2, 1.32
8.29e-2, 1.32
8.81e-2, 1.32
9.33e-2, 1.32
9.85e-2, 1.32
0.1, 1.32
0.11, 1.32
0.11, 1.41
0.12, 1.41
0.12, 1.41
0.13, 1.41
0.13, 1.49
0.14, 1.49
0.15, 1.49
0.15, 1.49
0.16, 1.49
0.16, 1.49
0.17, 1.49
0.17, 1.49
0.18, 1.58
0.18, 1.58
0.19, 1.58
0.19, 1.66
0.2, 1.66
0.2, 1.66
0.21, 1.66
0.21, 1.66
0.22, 1.75
0.22, 1.75
0.23, 1.75
0.23, 1.83
0.24, 1.83
0.24, 1.83
0.25, 1.83
0.25, 1.83
0.26, 1.83
0.26, 1.92
0.27, 1.92
0.28, 1.92
0.28, 2.0
0.29, 2.0
0.29, 2.0
0.3, 2.09
0.3, 2.09
0.31, 2.09
0.31, 2.09
0.32, 2.09
0.32, 2.17
0.33, 2.17
0.33, 2.17
0.34, 2.17
0.34, 2.17
0.35, 2.26
0.35, 2.26
0.35, 2.34
0.35, 2.34
0.37, 2.34
0.37, 2.43
0.38, 2.43
0.38, 2.43
0.39, 2.43
0.39, 2.43
0.39, 2.51
0.4, 2.51
0.4, 2.6
0.41, 2.68
0.42, 2.68
0.42, 2.68
0.43, 2.68
0.43, 2.68
0.44, 2.68
0.44, 2.68
0.45, 2.68
0.45, 2.68
0.45, 2.77
0.46, 2.77
0.46, 2.85
0.46, 2.94
0.47, 2.94
0.47, 2.94
0.48, 3.02
0.48, 3.02
0.49, 3.02
0.49, 3.11
0.5, 3.11
0.5, 3.19
0.51, 3.19
0.51, 3.28
0.52, 3.28
0.52, 3.35
0.53, 3.35
0.53, 3.35
0.54, 3.35
0.55, 3.45
0.55, 3.45
0.56, 3.53
0.56, 3.53
0.56, 3.62
0.56, 3.62
0.58, 3.7
0.58, 3.7
0.58, 3.79
0.58, 3.79
0.6, 3.87
0.6, 3.87
0.6, 3.96
0.6, 3.96
0.62, 4.04
0.62, 4.04
0.63, 4.13
0.63, 4.13
0.64, 4.21
0.64, 4.21
0.65, 4.3
0.65, 4.3
0.66, 4.38
0.66, 4.38
0.67, 4.47
0.67, 4.55
0.68, 4.55
0.69, 4.64
0.69, 4.72
0.7, 4.81
0.7, 4.89
0.71, 4.98
0.71, 5.06
0.72, 5.06
0.72, 5.06
0.73, 5.06
0.73, 5.06
0.74, 5.15
0.74, 5.23
0.75, 5.32
0.75, 5.41
0.76, 5.49
0.76, 5.58
0.77, 5.66
0.77, 5.66
0.77, 5.75
0.78, 5.75
0.78, 5.83
0.79, 5.83
0.79, 5.92
0.79, 6.0
0.8, 6.0
0.8, 6.09
0.8, 6.09
0.81, 6.09
0.81, 6.17
0.81, 6.26
0.83, 6.26
0.83, 6.34
0.83, 6.34
0.83, 6.43
0.83, 6.51
0.85, 6.51
0.85, 6.6
0.85, 6.68
0.85, 6.77
0.87, 6.77
0.87, 6.85
0.88, 6.94
0.88, 7.02
0.88, 7.11
0.89, 7.11
0.89, 7.19
0.89, 7.28
0.9, 7.35
0.9, 7.45
0.91, 7.45
0.91, 7.45
0.92, 7.53
0.92, 7.53
0.93, 7.53
0.93, 7.53
0.94, 7.62
0.94, 7.71
0.95, 7.79
0.95, 7.79
0.96, 7.88
0.97, 7.96
0.97, 8.05
0.98, 8.13
0.98, 8.22
0.99, 8.3
0.99, 8.39
1.0, 8.47
1.0, 8.47
1.01, 8.56
1.01, 8.64
1.02, 8.73
1.02, 8.81
1.03, 8.9
1.03, 8.98
1.04, 8.98
1.04, 9.07
1.04, 9.07
1.05, 9.15
1.05, 9.24
1.06, 9.24
1.06, 9.32
1.07, 9.41
1.07, 9.49
1.08, 9.58
1.08, 9.66
1.09, 9.75
1.09, 9.83
1.1, 9.92
1.11, 9.92
1.11, 10.01
1.12, 10.09
1.12, 10.18
1.13, 10.26
1.13, 10.35
1.14, 10.43
1.14, 10.52
1.15, 10.6
1.15, 10.6
1.16, 10.69
1.16, 10.77
1.17, 10.85
1.17, 10.94
1.18, 11.03
1.18, 11.11
1.19, 11.2
1.19, 11.2
1.2, 11.28
1.2, 11.37
1.21, 11.45
1.21, 11.54
1.22, 11.62
1.22, 11.62
1.23, 11.71
1.23, 11.79
1.24, 11.88
1.25, 11.88
1.25, 11.97
1.26, 11.97
1.26, 12.05
1.27, 12.14
1.27, 12.22
1.28, 12.22
1.28, 12.22
1.29, 12.22
1.29, 12.31
1.29, 12.39
1.29, 12.48
1.3, 12.56
1.3, 12.56
1.31, 12.56
1.31, 12.65
1.31, 12.73
1.32, 12.81
1.32, 12.81
1.33, 12.9
1.33, 12.99
1.34, 13.07
1.34, 13.07
1.35, 13.16
1.35, 13.16
1.35, 13.24
1.35, 13.33
1.37, 13.33
1.37, 13.41
1.38, 13.5
1.39, 13.5
1.39, 13.58
1.4, 13.67
1.4, 13.67
1.41, 13.75
1.41, 13.75
1.42, 13.83
1.42, 13.83
1.43, 13.92
1.43, 14.01
1.44, 14.01
1.44, 14.09
1.45, 14.09
1.45, 14.18
1.46, 14.26
1.46, 14.26
1.47, 14.35
1.47, 14.35
1.48, 14.44
1.48, 14.44
1.49, 14.52
1.49, 14.52
1.5, 14.6
1.5, 14.6
1.51, 14.69
1.51, 14.69
1.52, 14.78
1.53, 14.78
1.53, 14.85
1.54, 14.85
1.54, 14.95
1.55, 14.95
1.55, 14.95
1.56, 15.03
1.56, 15.03
1.56, 15.12
1.56, 15.12
1.58, 15.12
1.58, 15.2
1.58, 15.2
1.58, 15.29
1.6, 15.29
1.6, 15.29
1.6, 15.29
1.6, 15.37
1.62, 15.37
1.62, 15.46
1.63, 15.46
1.63, 15.54
1.64, 15.54
1.64, 15.54
1.65, 15.63
1.66, 15.63
1.66, 15.63
1.67, 15.63
1.67, 15.71
1.68, 15.71
1.68, 15.71
1.69, 15.8
1.69, 15.8
1.7, 15.88
1.7, 15.88
1.71, 15.88
1.71, 15.97
1.72, 15.97
1.72, 15.97
1.73, 15.97
1.73, 16.05
1.74, 16.05
1.74, 16.05
1.75, 16.14
1.75, 16.14
1.76, 16.14
1.76, 16.22
1.77, 16.22
1.77, 16.22
1.78, 16.22
1.78, 16.22
1.79, 16.31
1.8, 16.31
1.8, 16.31
1.81, 16.39
1.81, 16.39
1.81, 16.39
1.81, 16.39
1.83, 16.48
1.83, 16.48
1.83, 16.56
1.83, 16.56
1.85, 16.56
1.85, 16.56
1.85, 16.56
1.85, 16.65
1.87, 16.65
1.87, 16.65
1.88, 16.65
1.88, 16.73
1.89, 16.73
1.89, 16.73
1.9, 16.73
1.9, 16.81
1.91, 16.81
1.91, 16.9
1.92, 16.9
1.93, 16.9
1.93, 16.9
1.94, 16.9
1.94, 16.99
1.95, 16.99
1.95, 16.99
1.96, 17.07
1.96, 17.07
1.97, 17.07
1.97, 17.07
1.98, 17.16
1.98, 17.16
1.99, 17.24
1.99, 17.24
2.0, 17.24
2.0, 17.24
2.01, 17.33
2.01, 17.33
2.02, 17.33
2.02, 17.41
2.03, 17.41
2.03, 17.41
2.04, 17.41
2.04, 17.41
2.05, 17.5
2.05, 17.5
2.06, 17.5
2.07, 17.58
2.07, 17.58
2.08, 17.58
2.08, 17.58
2.09, 17.67
2.09, 17.67
2.1, 17.75
2.1, 17.75
2.11, 17.75
2.11, 17.75
2.12, 17.83
2.12, 17.83
2.13, 17.83
2.13, 17.92
2.14, 17.92
2.14, 17.92
2.15, 18.01
2.15, 18.01
2.16, 18.09
2.16, 18.09
2.17, 18.09
2.17, 18.18
2.18, 18.18
2.18, 18.26
2.19, 18.26
2.2, 18.26
2.2, 18.35
2.21, 18.35
2.21, 18.35
2.22, 18.43
2.22, 18.43
2.23, 18.52
2.23, 18.52
2.24, 18.6
2.24, 18.6
2.25, 18.69
2.25, 18.69
2.26, 18.69
2.26, 18.77
2.27, 18.77
2.27, 18.77
2.28, 18.85
2.28, 18.85
2.29, 18.94
2.29, 18.94
2.3, 19.03
2.3, 19.03
2.31, 19.03
2.31, 19.03
2.32, 19.11
2.32, 19.2
2.33, 19.2
2.34, 19.2
2.34, 19.28
2.35, 19.28
2.35, 19.37
2.35, 19.37
2.35, 19.37
2.37, 19.37
2.37, 19.45
2.38, 19.45
2.38, 19.54
2.39, 19.54
2.39, 19.54
2.4, 19.62
2.4, 19.62
2.41, 19.71
2.41, 19.71
2.42, 19.71
2.42, 19.71
2.43, 19.79
2.43, 19.79
2.44, 19.79
2.44, 19.88
2.45, 19.88
2.45, 19.88
2.46, 19.88
2.46, 19.96
2.47, 19.96
2.48, 19.96
2.48, 19.96
2.49, 19.96
2.49, 19.96
2.5, 20.05
2.5, 20.05
2.51, 20.05
2.51, 20.05
2.52, 20.05
2.52, 20.05
2.53, 20.05
2.53, 20.05
2.54, 20.05
2.54, 20.05
2.55, 20.05
2.55, 20.05
2.56, 20.05
2.56, 20.05
2.56, 20.05
2.56, 20.05
2.58, 20.13
2.58, 20.13
2.58, 20.13
2.58, 20.13
2.6, 20.13
2.6, 20.13
2.6, 20.13
2.62, 20.13
2.62, 20.13
2.63, 20.13
2.63, 20.13
2.63, 20.22
2.64, 20.22
2.64, 20.22
2.65, 20.13
2.65, 20.13
2.66, 20.13
2.66, 20.13
2.67, 20.13
2.67, 20.13
2.68, 20.13
2.68, 20.13
2.69, 20.13
2.69, 20.13
2.7, 20.13
2.7, 20.13
2.71, 20.13
2.71, 20.13
2.72, 20.13
2.72, 20.13
2.73, 20.13
2.74, 20.13
2.74, 20.13
2.75, 20.13
2.75, 20.13
2.76, 20.13
2.76, 20.13
2.77, 20.13
2.77, 20.13
2.78, 20.13
2.78, 20.13
2.79, 20.13
2.79, 20.13
2.8, 20.13
2.8, 20.13
2.81, 20.13
2.81, 20.13
2.81, 20.13
2.81, 20.13
2.83, 20.13
2.83, 20.13
2.83, 20.13
2.83, 20.13
2.85, 20.13
2.85, 20.13
2.85, 20.13
2.85, 20.13
2.87, 20.13
2.88, 20.13
2.88, 20.13
2.89, 20.13
2.89, 20.13
2.9, 20.13
2.9, 20.13
2.91, 20.13
2.91, 20.13
2.92, 20.13
2.92, 20.13
2.93, 20.13
2.93, 20.13
2.94, 20.13
2.94, 20.13
2.95, 20.13
2.95, 20.13
2.96, 20.13
2.96, 20.13
2.97, 20.13
2.97, 20.13
2.98, 20.13
2.98, 20.13
2.99, 20.13
2.99, 20.13
3.0, 20.13
3.01, 20.13
3.01, 20.13
3.02, 20.13
3.02, 20.13
3.03, 20.13
3.03, 20.13
3.04, 20.13
3.04, 20.13
3.05, 20.13
3.05, 20.13
3.06, 20.13
3.06, 20.13
3.07, 20.13
3.07, 20.13
3.08, 20.13
3.08, 20.13
3.09, 20.13
3.09, 20.13
3.1, 20.13
3.1, 20.13
3.11, 20.13
3.11, 20.13
3.12, 20.13
3.12, 20.13
3.13, 20.13
3.14, 20.13
3.14, 20.13
3.15, 20.13
3.15, 20.13
3.16, 20.13
3.16, 20.13
3.17, 20.04
3.17, 20.04
