   -1.3714    1.3107    1.3056
   -1.0286    1.1900    1.1934
   -0.6857    1.0557    1.0693
   -0.3429    0.9503    0.9622
         0    0.8823    0.8891
    0.3429    0.8143    0.8296
    0.6857    0.7548    0.7616
    1.0286    0.7021    0.7089
    1.3714    0.6528    0.6613
    1.7143    0.6052    0.6137
    2.0571    0.5627    0.5712
    2.4000    0.5304    0.5355
    2.7429    0.4998    0.5032
    3.0857    0.5049    0.4760
    3.4286    0.6698    0.5015
    3.7714    0.7395    0.6919
    4.1143    0.7633    0.7633
    4.4571    0.7956    0.8296
    4.8000    0.8330    0.8721
    5.1429    0.8602    0.9027
    5.4857    0.8908    0.9333
    5.8286    0.9248    0.9486
    6.1714    0.9571    0.9690
    6.5143    0.9894    0.9911