   -1.3498    1.4006
   -1.3360    1.4074
   -1.3222    1.3955
   -1.3084    1.3820
   -1.2946    1.3718
   -1.2808    1.3634
   -1.2670    1.3515
   -1.2532    1.3431
   -1.2394    1.3397
   -1.2256    1.3296
   -1.2118    1.3279
   -1.1980    1.3194
   -1.1842    1.3109
   -1.1704    1.3109
   -1.1566    1.3042
   -1.1428    1.2991
   -1.1290    1.2940
   -1.1152    1.2890
   -1.1014    1.2771
   -1.0876    1.2771
   -1.0738    1.2670
   -1.0600    1.2636
   -1.0462    1.2602
   -1.0324    1.2517
   -1.0186    1.2517
   -1.0048    1.2416
   -0.9910    1.2416
   -0.9772    1.2331
   -0.9634    1.2264
   -0.9496    1.2213
   -0.9358    1.2145
   -0.9220    1.2095
   -0.9082    1.2044
   -0.8943    1.1993
   -0.8805    1.1976
   -0.8667    1.1925
   -0.8529    1.1841
   -0.8391    1.1773
   -0.8253    1.1722
   -0.8115    1.1655
   -0.7977    1.1655
   -0.7839    1.1553
   -0.7701    1.1536
   -0.7563    1.1452
   -0.7425    1.1435
   -0.7287    1.1401
   -0.7149    1.1300
   -0.7011    1.1232
   -0.6873    1.1198
   -0.6735    1.1147
   -0.6597    1.1130
   -0.6459    1.1080
   -0.6321    1.1046
   -0.6183    1.0910
   -0.6045    1.0877
   -0.5907    1.0860
   -0.5769    1.0792
   -0.5631    1.0741
   -0.5493    1.0657
   -0.5355    1.0674
   -0.5217    1.0555
   -0.5079    1.0538
   -0.4941    1.0471
   -0.4803    1.0454
   -0.4665    1.0403
   -0.4527    1.0352
   -0.4389    1.0335
   -0.4251    1.0251
   -0.4113    1.0166
   -0.3975    1.0166
   -0.3837    1.0115
   -0.3699    1.0048
   -0.3560    1.0031
   -0.3422    0.9929
   -0.3284    0.9896
   -0.3146    0.9845
   -0.3008    0.9811
   -0.2870    0.9811
   -0.2732    0.9760
   -0.2594    0.9693
   -0.2456    0.9642
   -0.2318    0.9642
   -0.2180    0.9625
   -0.2042    0.9557
   -0.1904    0.9540
   -0.1766    0.9456
   -0.1628    0.9405
   -0.1490    0.9388
   -0.1352    0.9371
   -0.1214    0.9287
   -0.1076    0.9236
   -0.0938    0.9253
   -0.0800    0.9236
   -0.0662    0.9168
   -0.0524    0.9134
   -0.0386    0.9084
   -0.0248    0.9050
   -0.0110    0.9033
    0.0028    0.9033
    0.0166    0.8965
    0.0304    0.8982
    0.0442    0.8931
    0.0580    0.8898
    0.0718    0.8898
    0.0856    0.8847
    0.0994    0.8813
    0.1132    0.8779
    0.1270    0.8745
    0.1408    0.8779
    0.1546    0.8762
    0.1684    0.8762
    0.1822    0.8711
    0.1961    0.8695
    0.2099    0.8711
    0.2237    0.8644
    0.2375    0.8627
    0.2513    0.8593
    0.2651    0.8525
    0.2789    0.8525
    0.2927    0.8475
    0.3065    0.8441
    0.3203    0.8407
    0.3341    0.8390
    0.3479    0.8289
    0.3617    0.8289
    0.3755    0.8255
    0.3893    0.8272
    0.4031    0.8187
    0.4169    0.8204
    0.4307    0.8153
    0.4445    0.8153
    0.4583    0.8086
    0.4721    0.8086
    0.4859    0.8035
    0.4997    0.8052
    0.5135    0.8018
    0.5273    0.7967
    0.5411    0.7933
    0.5549    0.7984
    0.5687    0.7950
    0.5825    0.7883
    0.5963    0.7866
    0.6101    0.7900
    0.6239    0.7849
    0.6377    0.7798
    0.6515    0.7798
    0.6653    0.7747
    0.6791    0.7764
    0.6929    0.7730
    0.7067    0.7697
    0.7205    0.7646
    0.7344    0.7595
    0.7482    0.7578
    0.7620    0.7561
    0.7758    0.7544
    0.7896    0.7477
    0.8034    0.7477
    0.8172    0.7477
    0.8310    0.7426
    0.8448    0.7375
    0.8586    0.7358
    0.8724    0.7324
    0.8862    0.7307
    0.9000    0.7307
    0.9138    0.7307
    0.9276    0.7257
    0.9414    0.7257
    0.9552    0.7257
    0.9690    0.7206
    0.9828    0.7223
    0.9966    0.7155
    1.0104    0.7172
    1.0242    0.7138
    1.0380    0.7121
    1.0518    0.7088
    1.0656    0.7088
    1.0794    0.7037
    1.0932    0.7003
    1.1070    0.7020
    1.1208    0.6952
    1.1346    0.6952
    1.1484    0.6901
    1.1622    0.6885
    1.1760    0.6885
    1.1898    0.6851
    1.2036    0.6800
    1.2174    0.6817
    1.2312    0.6800
    1.2450    0.6749
    1.2588    0.6732
    1.2726    0.6749
    1.2865    0.6682
    1.3003    0.6682
    1.3141    0.6682
    1.3279    0.6665
    1.3417    0.6614
    1.3555    0.6597
    1.3693    0.6580
    1.3831    0.6580
    1.3969    0.6580
    1.4107    0.6529
    1.4245    0.6512
    1.4383    0.6496
    1.4521    0.6479
    1.4659    0.6445
    1.4797    0.6411
    1.4935    0.6428
    1.5073    0.6394
    1.5211    0.6377
    1.5349    0.6326
    1.5487    0.6309
    1.5625    0.6293
    1.5763    0.6276
    1.5901    0.6208
    1.6039    0.6225
    1.6177    0.6174
    1.6315    0.6157
    1.6453    0.6157
    1.6591    0.6174
    1.6729    0.6140
    1.6867    0.6140
    1.7005    0.6123
    1.7143    0.6090
    1.7281    0.6106
    1.7419    0.6056
    1.7557    0.6073
    1.7695    0.6056
    1.7833    0.6005
    1.7971    0.6005
    1.8109    0.5971
    1.8248    0.5954
    1.8386    0.5937
    1.8524    0.5920
    1.8662    0.5903
    1.8800    0.5870
    1.8938    0.5870
    1.9076    0.5819
    1.9214    0.5836
    1.9352    0.5802
    1.9490    0.5785
    1.9628    0.5768
    1.9766    0.5751
    1.9904    0.5751
    2.0042    0.5700
    2.0180    0.5700
    2.0318    0.5684
    2.0456    0.5667
    2.0594    0.5633
    2.0732    0.5616
    2.0870    0.5616
    2.1008    0.5599
    2.1146    0.5548
    2.1284    0.5548
    2.1422    0.5531
    2.1560    0.5514
    2.1698    0.5498
    2.1836    0.5481
    2.1974    0.5481
    2.2112    0.5430
    2.2250    0.5413
    2.2388    0.5413
    2.2526    0.5379
    2.2664    0.5362
    2.2802    0.5379
    2.2940    0.5362
    2.3078    0.5311
    2.3216    0.5345
    2.3354    0.5278
    2.3492    0.5278
    2.3630    0.5295
    2.3769    0.5227
    2.3907    0.5244
    2.4045    0.5244
    2.4183    0.5244
    2.4321    0.5176
    2.4459    0.5210
    2.4597    0.5159
    2.4735    0.5159
    2.4873    0.5159
    2.5011    0.5142
    2.5149    0.5125
    2.5287    0.5108
    2.5425    0.5092
    2.5563    0.5092
    2.5701    0.5092
    2.5839    0.5058
    2.5977    0.5075
    2.6115    0.5058
    2.6253    0.5007
    2.6391    0.5041
    2.6529    0.5024
    2.6667    0.5024
    2.6805    0.5007
    2.6943    0.4990
    2.7081    0.4973
    2.7219    0.4990
    2.7357    0.5007
    2.7495    0.4990
    2.7633    0.4905
    2.7771    0.4939
    2.7909    0.4939
    2.8047    0.4956
    2.8185    0.4905
    2.8323    0.4889
    2.8461    0.4889
    2.8599    0.4889
    2.8737    0.4889
    2.8875    0.4872
    2.9013    0.4872
    2.9152    0.4821
    2.9290    0.4821
    2.9428    0.4804
    2.9566    0.4804
    2.9704    0.4787
    2.9842    0.4753
    2.9980    0.4753
    3.0118    0.4719
    3.0256    0.4719
    3.0394    0.4736
    3.0532    0.4686
    3.0670    0.4669
    3.0808    0.4669
    3.0946    0.4652
    3.1084    0.4618
    3.1222    0.4635
    3.1360    0.4601
    3.1498    0.4584
    3.1636    0.4567
    3.1774    0.4601
    3.1912    0.4567
    3.2050    0.4516
    3.2188    0.4567
    3.2326    0.4550
    3.2464    0.4516
    3.2602    0.4516
    3.2740    0.4516
    3.2878    0.4466
    3.3016    0.4500
    3.3154    0.4466
    3.3292    0.4533
    3.3430    0.4567
    3.3568    0.4533
    3.3706    0.4516
    3.3844    0.4533
    3.3982    0.4533
    3.4120    0.4516
    3.4258    0.4618
    3.4396    0.4821
    3.4534    0.5024
    3.4673    0.5092
    3.4811    0.5125
    3.4949    0.5244
    3.5087    0.5278
    3.5225    0.5379
    3.5363    0.5345
    3.5501    0.5481
    3.5639    0.5531
    3.5777    0.5667
    3.5915    0.5853
    3.6053    0.5887
    3.6191    0.5920
    3.6329    0.6039
    3.6467    0.6005
    3.6605    0.6157
    3.6743    0.6106
    3.6881    0.6208
    3.7019    0.6293
    3.7157    0.6377
    3.7295    0.6462
    3.7433    0.6411
    3.7571    0.6580
    3.7709    0.6546
    3.7847    0.6529
    3.7985    0.6563
    3.8123    0.6766
    3.8261    0.6682
    3.8399    0.6851
    3.8537    0.7138
    3.8675    0.7223
    3.8813    0.7223
    3.8951    0.7240
    3.9089    0.7443
    3.9227    0.7527
    3.9365    0.7510
    3.9503    0.7409
    3.9641    0.7646
    3.9779    0.7713
    3.9917    0.7798
    4.0056    0.7866
    4.0194    0.7967
    4.0332    0.7849
    4.0470    0.7967
    4.0608    0.7950
    4.0746    0.7967
    4.0884    0.8001
    4.1022    0.8187
    4.1160    0.8086
    4.1298    0.8221
    4.1436    0.8204
    4.1574    0.8204
    4.1712    0.8305
    4.1850    0.8221
    4.1988    0.8272
    4.2126    0.8289
    4.2264    0.8305
    4.2402    0.8305
    4.2540    0.8272
    4.2678    0.8289
    4.2816    0.8289
    4.2954    0.8238
    4.3092    0.8272
    4.3230    0.8272
    4.3368    0.8305
    4.3506    0.8255
    4.3644    0.8289
    4.3782    0.8272
    4.3920    0.8221
    4.4058    0.8221
    4.4196    0.8289
    4.4334    0.8238
    4.4472    0.8255
    4.4610    0.8305
    4.4748    0.8272
    4.4886    0.8305
    4.5024    0.8339
    4.5162    0.8356
    4.5300    0.8339
    4.5438    0.8407
    4.5577    0.8322
    4.5715    0.8356
    4.5853    0.8322
    4.5991    0.8407
    4.6129    0.8441
    4.6267    0.8407
    4.6405    0.8475
    4.6543    0.8458
    4.6681    0.8475
    4.6819    0.8492
    4.6957    0.8458
    4.7095    0.8492
    4.7233    0.8458
    4.7371    0.8508
    4.7509    0.8475
    4.7647    0.8559
    4.7785    0.8542
    4.7923    0.8525
    4.8061    0.8559
    4.8199    0.8559
    4.8337    0.8627
    4.8475    0.8627
    4.8613    0.8627
    4.8751    0.8661
    4.8889    0.8644
    4.9027    0.8627
    4.9165    0.8661
    4.9303    0.8695
    4.9441    0.8661
    4.9579    0.8711
    4.9717    0.8728
    4.9855    0.8678
    4.9993    0.8711
    5.0131    0.8728
    5.0269    0.8728
    5.0407    0.8745
    5.0545    0.8796
    5.0683    0.8830
    5.0821    0.8847
    5.0960    0.8830
    5.1098    0.8864
    5.1236    0.8864
    5.1374    0.8796
    5.1512    0.8830
    5.1650    0.8830
    5.1788    0.8847
    5.1926    0.8914
    5.2064    0.8931
    5.2202    0.8948
    5.2340    0.8931
    5.2478    0.8914
    5.2616    0.8931
    5.2754    0.8931
    5.2892    0.8982
    5.3030    0.8948
    5.3168    0.8965
    5.3306    0.9016
    5.3444    0.8999
    5.3582    0.9067
    5.3720    0.9067
    5.3858    0.9050
    5.3996    0.9084
    5.4134    0.9084
    5.4272    0.9084
    5.4410    0.9134
    5.4548    0.9100
    5.4686    0.9100
    5.4824    0.9151
    5.4962    0.9134
    5.5100    0.9134
    5.5238    0.9168
    5.5376    0.9117
    5.5514    0.9219
    5.5652    0.9202
    5.5790    0.9185
    5.5928    0.9219
    5.6066    0.9253
    5.6204    0.9253
    5.6342    0.9270
    5.6481    0.9253
    5.6619    0.9253
    5.6757    0.9236
    5.6895    0.9270
    5.7033    0.9320
    5.7171    0.9354
    5.7309    0.9320
    5.7447    0.9337
    5.7585    0.9354
    5.7723    0.9354
    5.7861    0.9371
    5.7999    0.9371
    5.8137    0.9405
    5.8275    0.9439
    5.8413    0.9439
    5.8551    0.9439
    5.8689    0.9405
    5.8827    0.9456
    5.8965    0.9456
    5.9103    0.9473
    5.9241    0.9473
    5.9379    0.9490
    5.9517    0.9490
    5.9655    0.9557
    5.9793    0.9490
    5.9931    0.9523
    6.0069    0.9523
    6.0207    0.9523
    6.0345    0.9506
    6.0483    0.9540
    6.0621    0.9625
    6.0759    0.9608
    6.0897    0.9625
    6.1035    0.9608
    6.1173    0.9591
    6.1311    0.9642
    6.1449    0.9659
    6.1587    0.9625
    6.1725    0.9625
    6.1864    0.9659
    6.2002    0.9676
    6.2140    0.9693
    6.2278    0.9693
    6.2416    0.9693
    6.2554    0.9709
    6.2692    0.9743
    6.2830    0.9709
    6.2968    0.9726
    6.3106    0.9794
    6.3244    0.9811
    6.3382    0.9760
    6.3520    0.9743
    6.3658    0.9794
    6.3796    0.9777
    6.3934    0.9828
    6.4072    0.9828
    6.4210    0.9828
    6.4348    0.9828
    6.4486    0.9862
    6.4624    0.9879
    6.4762    0.9862
    6.4900    0.9845
    6.5038    0.9828
    6.5176    0.9845
    6.5314    0.9845
    6.5452    0.9929
    6.5590    0.9929
    6.5728    0.9912
    6.5866    0.9946
    6.6004    0.9912
    6.6142    0.9912
    6.6280    0.9946
    6.6418    0.9946
    6.6556    0.9980
    6.6694    0.9980
    6.6832    0.9946
    6.6970    0.9997
    6.7108    1.0014
    6.7246    0.9980
    6.7385    0.9963
    6.7523    0.9946
    6.7661    0.9946
    6.7799    0.9963
    6.7937    0.9997
    6.8075    1.0031
    6.8213    1.0014
    6.8351    0.9980
    6.8489    0.9980
    6.8627    0.9963
    6.8765    1.0014
    6.8903    0.9980
    6.9041    1.0014
    6.9179    1.0014