% %   <   1 - 5     >   y ( c m ) ,   y + ,   d e l ,   u ( c m / s ) , u +
% %   <   6 - 1 0   >   u v d ,   u t a u ,   u u ,   v v ,   w w
-0.89 0 0.00053917 0 0 0 1263.8 0 0 0 0.2 1834.4
-0.88927 1.3633 0.00053917 1722.9 1722.9 1.3633 1263.8 2.3592e+05 18.653 41453 0.2 1834.4
-0.88847 2.8455 0.00053917 3541.2 3541.2 2.8027 1263.8 1.0192e+06 234.59 1.4699e+05 0.2 1834.4
-0.8876 4.4567 0.00053917 5453.3 5453.3 4.3179 1263.8 2.4641e+06 1110.6 2.9211e+05 0.2 1834.4
-0.88666 6.2081 0.00053917 7432.9 7432.9 5.8889 1263.8 4.6298e+06 3330.7 4.6152e+05 0.2 1834.4
-0.88563 8.1118 0.00053917 9445.1 9445.1 7.4894 1263.8 7.3974e+06 7756.6 6.4219e+05 0.2 1834.4
-0.88451 10.181 0.00053917 11435 11435 9.0766 1263.8 1.0423e+07 15342 8.2715e+05 0.2 1834.4
-0.8833 12.429 0.00053917 13338 13338 10.599 1263.8 1.3168e+07 27202 1.0103e+06 0.2 1834.4
-0.88198 14.871 0.00053917 15097 15097 12.012 1263.8 1.5146e+07 44536 1.1857e+06 0.2 1834.4
-0.88055 17.525 0.00053917 16673 16673 13.282 1263.8 1.6114e+07 68698 1.3462e+06 0.2 1834.4
-0.879 20.408 0.00053917 18054 18054 14.4 1263.8 1.6127e+07 1.0092e+05 1.4848e+06 0.2 1834.4
-0.87731 23.539 0.00053917 19249 19249 15.37 1263.8 1.5428e+07 1.4215e+05 1.597e+06 0.2 1834.4
-0.87548 26.939 0.00053917 20281 20281 16.211 1263.8 1.4299e+07 1.9269e+05 1.6823e+06 0.2 1834.4
-0.87349 30.631 0.00053917 21173 21173 16.94 1263.8 1.2977e+07 2.5205e+05 1.743e+06 0.2 1834.4
-0.87133 34.639 0.00053917 21951 21951 17.578 1263.8 1.1625e+07 3.1879e+05 1.7817e+06 0.2 1834.4
-0.86898 38.988 0.00053917 22637 22637 18.141 1263.8 1.034e+07 3.905e+05 1.8005e+06 0.2 1834.4
-0.86644 43.708 0.00053917 23247 23247 18.644 1263.8 9.1655e+06 4.642e+05 1.8009e+06 0.2 1834.4
-0.86368 48.828 0.00053917 23797 23797 19.099 1263.8 8.1207e+06 5.3641e+05 1.7868e+06 0.2 1834.4
-0.86068 54.381 0.00053917 24301 24301 19.516 1263.8 7.2053e+06 6.0371e+05 1.7635e+06 0.2 1834.4
-0.85744 60.402 0.00053917 24769 24769 19.904 1263.8 6.4084e+06 6.6303e+05 1.7323e+06 0.2 1834.4
-0.85392 66.928 0.00053917 25211 25211 20.272 1263.8 5.7147e+06 7.1198e+05 1.6908e+06 0.2 1834.4
-0.8501 74 0.00053917 25633 25633 20.624 1263.8 5.1091e+06 7.4887e+05 1.6388e+06 0.2 1834.4
-0.84597 81.659 0.00053917 26040 26040 20.964 1263.8 4.5775e+06 7.7295e+05 1.5763e+06 0.2 1834.4
-0.8415 89.953 0.00053917 26436 26436 21.296 1263.8 4.1058e+06 7.842e+05 1.5058e+06 0.2 1834.4
-0.83666 98.929 0.00053917 26824 26824 21.621 1263.8 3.6807e+06 7.8287e+05 1.4317e+06 0.2 1834.4
-0.83143 108.64 0.00053917 27206 27206 21.943 1263.8 3.2922e+06 7.6969e+05 1.3527e+06 0.2 1834.4
-0.82577 119.14 0.00053917 27586 27586 22.262 1263.8 2.938e+06 7.4578e+05 1.265e+06 0.2 1834.4
-0.81965 130.49 0.00053917 27964 27964 22.582 1263.8 2.6116e+06 7.1267e+05 1.1661e+06 0.2 1834.4
-0.81304 142.74 0.00053917 28344 28344 22.903 1263.8 2.3108e+06 6.719e+05 1.0596e+06 0.2 1834.4
-0.80591 155.97 0.00053917 28727 28727 23.229 1263.8 2.0319e+06 6.2456e+05 9.4678e+05 0.2 1834.4
-0.79822 170.24 0.00053917 29114 29114 23.558 1263.8 1.7718e+06 5.715e+05 8.3018e+05 0.2 1834.4
-0.78992 185.62 0.00053917 29500 29500 23.886 1263.8 1.5247e+06 5.1343e+05 7.142e+05 0.2 1834.4
-0.78099 202.19 0.00053917 29883 29883 24.213 1263.8 1.281e+06 4.5176e+05 5.9583e+05 0.2 1834.4
-0.77138 220.02 0.00053917 30259 30259 24.534 1263.8 1.0356e+06 3.8824e+05 4.7787e+05 0.2 1834.4
-0.76104 239.18 0.00053917 30621 30621 24.844 1263.8 7.9368e+05 3.2491e+05 3.6457e+05 0.2 1834.4
-0.74994 259.77 0.00053917 30955 30955 25.13 1263.8 5.6469e+05 2.6462e+05 2.5995e+05 0.2 1834.4
-0.73803 281.87 0.00053917 31247 31247 25.38 1263.8 3.643e+05 2.0915e+05 1.738e+05 0.2 1834.4
-0.72526 305.55 0.00053917 31480 31480 25.58 1263.8 2.1324e+05 1.5969e+05 1.1001e+05 0.2 1834.4
-0.71159 330.9 0.00053917 31642 31642 25.719 1263.8 1.1776e+05 1.1758e+05 66754 0.2 1834.4
-0.69698 358.01 0.00053917 31741 31741 25.803 1263.8 63841 84234 39503 0.2 1834.4
-0.68137 386.95 0.00053917 31791 31791 25.846 1263.8 35610 59671 23711 0.2 1834.4
-0.66474 417.81 0.00053917 31814 31814 25.865 1263.8 21276 42488 15535 0.2 1834.4
-0.64703 450.65 0.00053917 31823 31823 25.873 1263.8 14115 30848 11337 0.2 1834.4
-0.62821 485.56 0.00053917 31827 31827 25.877 1263.8 10177 23022 9026.9 0.2 1834.4
-0.60824 522.58 0.00053917 31833 31833 25.881 1263.8 7909.1 17691 7605 0.2 1834.4
-0.5871 561.79 0.00053917 31842 31842 25.889 1263.8 6513.3 14017 6647 0.2 1834.4
-0.56476 603.22 0.00053917 31857 31857 25.902 1263.8 5546.6 11467 5940.4 0.2 1834.4
-0.54121 646.92 0.00053917 31877 31877 25.918 1263.8 4824.1 9663.2 5390.2 0.2 1834.4
-0.51642 692.89 0.00053917 31902 31902 25.939 1263.8 4250.4 8350.3 4961.7 0.2 1834.4
-0.4904 741.15 0.00053917 31932 31932 25.964 1263.8 3787.2 7353.1 4627.4 0.2 1834.4
-0.46315 791.69 0.00053917 31966 31966 25.993 1263.8 3400.8 6564.5 4344.4 0.2 1834.4
-0.43469 844.48 0.00053917 32005 32005 26.025 1263.8 3028.9 5967.5 4074.6 0.2 1834.4
-0.40504 899.47 0.00053917 32045 32045 26.058 1263.8 2630.5 5544.4 3785.4 0.2 1834.4
-0.37424 956.59 0.00053917 32087 32087 26.093 1263.8 2242.6 5186.9 3457.7 0.2 1834.4
-0.34233 1015.8 0.00053917 32131 32131 26.129 1263.8 1894.8 4765.6 3071.3 0.2 1834.4
-0.30939 1076.9 0.00053917 32176 32176 26.167 1263.8 1560.1 4248.9 2588.8 0.2 1834.4
-0.27547 1139.8 0.00053917 32215 32215 26.198 1263.8 1310.5 3799.1 2222.1 0.2 1834.4
-0.24066 1204.3 0.00053917 32236 32236 26.215 1263.8 1184.5 3572 2106.5 0.2 1834.4
-0.20505 1270.4 0.00053917 32239 32239 26.218 1263.8 1106.6 3452.7 2062.2 0.2 1834.4
-0.16875 1337.7 0.00053917 32234 32234 26.214 1263.8 1061.2 3289.5 2032.1 0.2 1834.4
-0.13187 1406.1 0.00053917 32232 32232 26.212 1263.8 1046.1 3152.8 2009.8 0.2 1834.4
-0.094525 1475.4 0.00053917 32233 32233 26.213 1263.8 1049.7 3083.9 1961.7 0.2 1834.4
-0.05685 1545.3 0.00053917 32233 32233 26.213 1263.8 1048.5 3020.2 1854.5 0.2 1834.4
-0.018973 1615.5 0.00053917 32232 32232 26.212 1263.8 995.37 3094.9 1683.3 0.2 1834.4
