% %   <   1 - 5     >   y ( c m ) ,   y + ,   d e l ,   u ( c m / s ) , u +
% %   <   6 - 1 0   >   u v d ,   u t a u ,   u u ,   v v ,   w w
-0.89 0 0.00053824 0 0 0 1417 0 0 0 0.2 2170.1
-0.88929 1.3275 0.00053824 1881.2 1881.2 1.3275 1417 4.0879e+05 58.885 92270 0.2 2170.1
-0.88855 2.7016 0.00053824 3791.7 3791.7 2.6765 1417 1.6813e+06 671.22 3.144e+05 0.2 2170.1
-0.88778 4.1237 0.00053824 5716.3 5716.3 4.0367 1417 3.8294e+06 2891.3 5.9678e+05 0.2 2170.1
-0.88699 5.5956 0.00053824 7626.3 7626.3 5.3886 1417 6.7178e+06 7893.2 9.0138e+05 0.2 2170.1
-0.88617 7.1188 0.00053824 9485.1 9485.1 6.7069 1417 9.9926e+06 16831 1.2008e+06 0.2 2170.1
-0.88532 8.6952 0.00053824 11254 11254 7.9642 1417 1.3195e+07 30542 1.4844e+06 0.2 2170.1
-0.88444 10.327 0.00053824 12896 12896 9.1348 1417 1.5882e+07 49806 1.7467e+06 0.2 2170.1
-0.88353 12.015 0.00053824 14389 14389 10.202 1417 1.7797e+07 75108 1.9852e+06 0.2 2170.1
-0.88259 13.762 0.00053824 15721 15721 11.156 1417 1.8876e+07 1.0691e+05 2.1984e+06 0.2 2170.1
-0.88162 15.569 0.00053824 16896 16896 12 1417 1.9214e+07 1.4547e+05 2.3843e+06 0.2 2170.1
-0.88061 17.439 0.00053824 17924 17924 12.741 1417 1.8983e+07 1.9086e+05 2.5434e+06 0.2 2170.1
-0.87957 19.375 0.00053824 18822 18822 13.389 1417 1.8364e+07 2.4297e+05 2.677e+06 0.2 2170.1
-0.87849 21.377 0.00053824 19607 19607 13.957 1417 1.7515e+07 3.0138e+05 2.7881e+06 0.2 2170.1
-0.87738 23.448 0.00053824 20295 20295 14.455 1417 1.6551e+07 3.6556e+05 2.8798e+06 0.2 2170.1
-0.87623 25.591 0.00053824 20901 20901 14.895 1417 1.5552e+07 4.3466e+05 2.9544e+06 0.2 2170.1
-0.87503 27.808 0.00053824 21437 21437 15.285 1417 1.4566e+07 5.0786e+05 3.0138e+06 0.2 2170.1
-0.8738 30.101 0.00053824 21913 21913 15.633 1417 1.3623e+07 5.8418e+05 3.0591e+06 0.2 2170.1
-0.87252 32.473 0.00053824 22340 22340 15.944 1417 1.2737e+07 6.6275e+05 3.0911e+06 0.2 2170.1
-0.8712 34.927 0.00053824 22724 22724 16.224 1417 1.1915e+07 7.4267e+05 3.1104e+06 0.2 2170.1
-0.86983 37.464 0.00053824 23072 23072 16.479 1417 1.116e+07 8.231e+05 3.1174e+06 0.2 2170.1
-0.86842 40.089 0.00053824 23388 23388 16.711 1417 1.047e+07 9.0322e+05 3.1131e+06 0.2 2170.1
-0.86696 42.803 0.00053824 23679 23679 16.924 1417 9.8434e+06 9.8219e+05 3.0991e+06 0.2 2170.1
-0.86545 45.61 0.00053824 23947 23947 17.121 1417 9.2753e+06 1.0593e+06 3.0771e+06 0.2 2170.1
-0.86389 48.513 0.00053824 24196 24196 17.303 1417 8.7608e+06 1.1337e+06 3.0489e+06 0.2 2170.1
-0.86227 51.514 0.00053824 24428 24428 17.474 1417 8.2948e+06 1.205e+06 3.0162e+06 0.2 2170.1
-0.8606 54.617 0.00053824 24644 24644 17.633 1417 7.8728e+06 1.2725e+06 2.9817e+06 0.2 2170.1
-0.85888 57.825 0.00053824 24847 24847 17.782 1417 7.4919e+06 1.336e+06 2.9476e+06 0.2 2170.1
-0.85709 61.142 0.00053824 25038 25038 17.923 1417 7.1497e+06 1.395e+06 2.9149e+06 0.2 2170.1
-0.85525 64.57 0.00053824 25219 25219 18.057 1417 6.843e+06 1.4493e+06 2.8831e+06 0.2 2170.1
-0.85334 68.114 0.00053824 25392 25392 18.185 1417 6.5663e+06 1.4988e+06 2.8513e+06 0.2 2170.1
-0.85137 71.777 0.00053824 25557 25557 18.307 1417 6.3127e+06 1.5433e+06 2.8183e+06 0.2 2170.1
-0.84933 75.562 0.00053824 25717 25717 18.425 1417 6.0779e+06 1.583e+06 2.7835e+06 0.2 2170.1
-0.84722 79.474 0.00053824 25871 25871 18.539 1417 5.8619e+06 1.618e+06 2.7475e+06 0.2 2170.1
-0.84505 83.517 0.00053824 26021 26021 18.65 1417 5.6646e+06 1.6483e+06 2.7118e+06 0.2 2170.1
-0.8428 87.694 0.00053824 26167 26167 18.758 1417 5.4845e+06 1.6742e+06 2.6773e+06 0.2 2170.1
-0.84048 92.009 0.00053824 26309 26309 18.864 1417 5.3225e+06 1.6955e+06 2.6431e+06 0.2 2170.1
-0.83808 96.467 0.00053824 26449 26449 18.968 1417 5.1809e+06 1.7123e+06 2.6074e+06 0.2 2170.1
-0.8356 101.07 0.00053824 26587 26587 19.07 1417 5.0588e+06 1.7242e+06 2.5699e+06 0.2 2170.1
-0.83304 105.83 0.00053824 26723 26723 19.171 1417 4.9523e+06 1.7308e+06 2.5318e+06 0.2 2170.1
-0.83039 110.74 0.00053824 26858 26858 19.271 1417 4.855e+06 1.7319e+06 2.4941e+06 0.2 2170.1
-0.82766 115.81 0.00053824 26991 26991 19.37 1417 4.7648e+06 1.7273e+06 2.4579e+06 0.2 2170.1
-0.82485 121.05 0.00053824 27124 27124 19.469 1417 4.6812e+06 1.7174e+06 2.4228e+06 0.2 2170.1
-0.82193 126.46 0.00053824 27258 27258 19.569 1417 4.6017e+06 1.7027e+06 2.386e+06 0.2 2170.1
-0.81893 132.04 0.00053824 27392 27392 19.669 1417 4.5216e+06 1.6841e+06 2.3431e+06 0.2 2170.1
-0.81583 137.8 0.00053824 27527 27527 19.77 1417 4.4351e+06 1.6622e+06 2.2928e+06 0.2 2170.1
-0.81263 143.75 0.00053824 27663 27663 19.871 1417 4.3416e+06 1.6375e+06 2.2377e+06 0.2 2170.1
-0.80932 149.89 0.00053824 27798 27798 19.973 1417 4.2469e+06 1.6104e+06 2.1797e+06 0.2 2170.1
-0.80592 156.22 0.00053824 27935 27935 20.075 1417 4.1538e+06 1.581e+06 2.1181e+06 0.2 2170.1
-0.8024 162.75 0.00053824 28074 28074 20.18 1417 4.0612e+06 1.5496e+06 2.0531e+06 0.2 2170.1
-0.79877 169.49 0.00053824 28216 28216 20.286 1417 3.9673e+06 1.5163e+06 1.9857e+06 0.2 2170.1
-0.79503 176.44 0.00053824 28360 28360 20.394 1417 3.8669e+06 1.481e+06 1.9125e+06 0.2 2170.1
-0.79117 183.61 0.00053824 28508 28508 20.505 1417 3.7578e+06 1.4436e+06 1.8298e+06 0.2 2170.1
-0.7872 191 0.00053824 28658 28658 20.618 1417 3.6385e+06 1.4036e+06 1.7388e+06 0.2 2170.1
-0.78309 198.62 0.00053824 28811 28811 20.733 1417 3.5089e+06 1.36e+06 1.6424e+06 0.2 2170.1
-0.77887 206.47 0.00053824 28968 28968 20.851 1417 3.3699e+06 1.3123e+06 1.5435e+06 0.2 2170.1
-0.77451 214.57 0.00053824 29129 29129 20.973 1417 3.22e+06 1.2597e+06 1.4451e+06 0.2 2170.1
-0.77002 222.91 0.00053824 29295 29295 21.098 1417 3.0586e+06 1.2027e+06 1.3493e+06 0.2 2170.1
-0.7654 231.5 0.00053824 29462 29462 21.224 1417 2.8844e+06 1.1424e+06 1.2574e+06 0.2 2170.1
-0.76063 240.35 0.00053824 29630 29630 21.352 1417 2.7041e+06 1.0799e+06 1.1671e+06 0.2 2170.1
-0.75573 249.47 0.00053824 29797 29797 21.478 1417 2.5217e+06 1.0162e+06 1.075e+06 0.2 2170.1
-0.75067 258.85 0.00053824 29961 29961 21.602 1417 2.3307e+06 9.5152e+05 9.81e+05 0.2 2170.1
-0.74547 268.52 0.00053824 30122 30122 21.725 1417 2.1304e+06 8.857e+05 8.8805e+05 0.2 2170.1
-0.74012 278.46 0.00053824 30281 30281 21.846 1417 1.9264e+06 8.1846e+05 7.9703e+05 0.2 2170.1
-0.73461 288.7 0.00053824 30435 30435 21.963 1417 1.7226e+06 7.5045e+05 7.0672e+05 0.2 2170.1
-0.72894 299.23 0.00053824 30583 30583 22.076 1417 1.515e+06 6.8299e+05 6.1882e+05 0.2 2170.1
-0.72311 310.06 0.00053824 30725 30725 22.185 1417 1.3045e+06 6.1727e+05 5.3658e+05 0.2 2170.1
-0.71712 321.2 0.00053824 30857 30857 22.286 1417 1.1006e+06 5.5408e+05 4.6125e+05 0.2 2170.1
-0.71095 332.65 0.00053824 30978 30978 22.379 1417 9.1082e+05 4.9371e+05 3.9259e+05 0.2 2170.1
-0.70462 344.42 0.00053824 31090 31090 22.465 1417 7.3797e+05 4.361e+05 3.2993e+05 0.2 2170.1
-0.6981 356.52 0.00053824 31191 31191 22.542 1417 5.8596e+05 3.81e+05 2.7298e+05 0.2 2170.1
-0.69141 368.95 0.00053824 31281 31281 22.611 1417 4.5774e+05 3.2822e+05 2.2318e+05 0.2 2170.1
-0.68454 381.72 0.00053824 31357 31357 22.67 1417 3.5241e+05 2.7824e+05 1.8026e+05 0.2 2170.1
-0.67749 394.83 0.00053824 31421 31421 22.72 1417 2.6776e+05 2.3232e+05 1.4298e+05 0.2 2170.1
-0.67024 408.28 0.00053824 31474 31474 22.76 1417 2.0072e+05 1.9172e+05 1.1142e+05 0.2 2170.1
-0.66281 422.09 0.00053824 31517 31517 22.794 1417 1.4869e+05 1.5683e+05 86271 0.2 2170.1
-0.65518 436.26 0.00053824 31554 31554 22.822 1417 1.0914e+05 1.2714e+05 67800 0.2 2170.1
-0.64736 450.8 0.00053824 31587 31587 22.848 1417 80356 1.0202e+05 54589 0.2 2170.1
-0.63934 465.7 0.00053824 31617 31617 22.872 1417 59082 81229 44305 0.2 2170.1
-0.63112 480.98 0.00053824 31648 31648 22.895 1417 43296 64495 35656 0.2 2170.1
-0.62269 496.63 0.00053824 31679 31679 22.919 1417 32281 51328 28760 0.2 2170.1
-0.61406 512.67 0.00053824 31713 31713 22.945 1417 24832 41129 23770 0.2 2170.1
-0.60522 529.09 0.00053824 31747 31747 22.972 1417 19716 33352 20206 0.2 2170.1
-0.59617 545.9 0.00053824 31782 31782 22.999 1417 15958 27516 17551 0.2 2170.1
-0.58691 563.11 0.00053824 31815 31815 23.024 1417 13170 23176 15522 0.2 2170.1
-0.57744 580.71 0.00053824 31847 31847 23.049 1417 11147 19937 13943 0.2 2170.1
-0.56775 598.7 0.00053824 31876 31876 23.071 1417 9628.6 17485 12653 0.2 2170.1
-0.55785 617.1 0.00053824 31902 31902 23.092 1417 8446.8 15595 11544 0.2 2170.1
-0.54773 635.9 0.00053824 31927 31927 23.111 1417 7496.6 14107 10582 0.2 2170.1
-0.53739 655.1 0.00053824 31951 31951 23.129 1417 6687.1 12906 9766.1 0.2 2170.1
-0.52684 674.71 0.00053824 31973 31973 23.146 1417 5960 11917 9067.9 0.2 2170.1
-0.51607 694.72 0.00053824 31995 31995 23.163 1417 5328.2 11095 8468.3 0.2 2170.1
-0.50508 715.13 0.00053824 32016 32016 23.179 1417 4856.8 10411 7995.6 0.2 2170.1
-0.49388 735.95 0.00053824 32035 32035 23.194 1417 4552.5 9838.6 7647.9 0.2 2170.1
-0.48246 757.17 0.00053824 32053 32053 23.207 1417 4291.7 9351 7337.6 0.2 2170.1
-0.47082 778.79 0.00053824 32069 32069 23.22 1417 3988.7 8927.9 7015.4 0.2 2170.1
-0.45897 800.81 0.00053824 32085 32085 23.232 1417 3742.2 8565.7 6741.5 0.2 2170.1
-0.44691 823.22 0.00053824 32099 32099 23.243 1417 3629.4 8267.5 6538.9 0.2 2170.1
-0.43463 846.03 0.00053824 32114 32114 23.254 1417 3547.8 8027.3 6343.7 0.2 2170.1
-0.42215 869.22 0.00053824 32128 32128 23.265 1417 3407.1 7838.9 6127.7 0.2 2170.1
-0.40946 892.79 0.00053824 32142 32142 23.275 1417 3249 7711.3 5913.8 0.2 2170.1
-0.39657 916.74 0.00053824 32156 32156 23.286 1417 3128.6 7645.6 5722.7 0.2 2170.1
-0.38348 941.06 0.00053824 32169 32169 23.296 1417 3040.2 7615.1 5574.1 0.2 2170.1
-0.37019 965.74 0.00053824 32183 32183 23.306 1417 2954.7 7581 5464.5 0.2 2170.1
-0.35672 990.79 0.00053824 32195 32195 23.316 1417 2859.5 7510.1 5355.8 0.2 2170.1
-0.34305 1016.2 0.00053824 32208 32208 23.325 1417 2756.6 7387 5224.3 0.2 2170.1
-0.3292 1041.9 0.00053824 32219 32219 23.334 1417 2648.8 7215.9 5089.2 0.2 2170.1
-0.31518 1068 0.00053824 32228 32228 23.341 1417 2538.8 7019.5 4982.8 0.2 2170.1
-0.30098 1094.3 0.00053824 32237 32237 23.347 1417 2433 6836.8 4912.9 0.2 2170.1
-0.28661 1121 0.00053824 32244 32244 23.353 1417 2340.1 6689.5 4862.2 0.2 2170.1
-0.27209 1148 0.00053824 32249 32249 23.356 1417 2266.3 6576 4811.3 0.2 2170.1
-0.25741 1175.3 0.00053824 32251 32251 23.358 1417 2211.6 6500.3 4756 0.2 2170.1
-0.24258 1202.8 0.00053824 32251 32251 23.358 1417 2171.8 6466.9 4703.5 0.2 2170.1
-0.22761 1230.6 0.00053824 32249 32249 23.357 1417 2144.6 6450.4 4656.6 0.2 2170.1
-0.21251 1258.7 0.00053824 32247 32247 23.355 1417 2130.6 6425.7 4612.9 0.2 2170.1
-0.19729 1287 0.00053824 32245 32245 23.354 1417 2129.1 6392.9 4571.2 0.2 2170.1
-0.18195 1315.5 0.00053824 32244 32244 23.353 1417 2135 6339.1 4533.7 0.2 2170.1
-0.1665 1344.2 0.00053824 32243 32243 23.352 1417 2137.9 6242.6 4506.1 0.2 2170.1
-0.15095 1373.1 0.00053824 32242 32242 23.351 1417 2132.9 6128.9 4496.2 0.2 2170.1
-0.13531 1402.1 0.00053824 32241 32241 23.35 1417 2133.5 6024.8 4508.4 0.2 2170.1
-0.11959 1431.3 0.00053824 32240 32240 23.35 1417 2157.1 5897.9 4542.3 0.2 2170.1
-0.10379 1460.7 0.00053824 32240 32240 23.349 1417 2191.5 5747.8 4588.7 0.2 2170.1
-0.087933 1490.2 0.00053824 32239 32239 23.349 1417 2191.7 5640.5 4610.8 0.2 2170.1
-0.072019 1519.7 0.00053824 32239 32239 23.349 1417 2150.9 5610.1 4604.8 0.2 2170.1
-0.056061 1549.4 0.00053824 32239 32239 23.349 1417 2127.3 5629.6 4627.6 0.2 2170.1
-0.040069 1579.1 0.00053824 32239 32239 23.349 1417 2134.8 5662.5 4669.3 0.2 2170.1
-0.024051 1608.8 0.00053824 32238 32238 23.349 1417 2122.6 5681.8 4660.7 0.2 2170.1
-0.0080187 1638.6 0.00053824 32238 32238 23.348 1417 2091.5 5679.4 4620.7 0.2 2170.1
