% %   <   1 - 5     >   y ( c m ) ,   y + ,   d e l ,   u ( c m / s ) , u +
% %   <   6 - 1 0   >   u v d ,   u t a u ,   u u ,   v v ,   w w
-0.89002 0 0.00049147 0 0 0 1369 0 0 0 0.2 2159.5
-0.88931 1.4521 0.00049147 1988 1988 1.4521 1369 3.851e+05 73.081 84779 0.2 2159.5
-0.88857 2.9551 0.00049147 3993.9 3993.9 2.9181 1369 1.582e+06 864.95 2.8091e+05 0.2 2159.5
-0.88781 4.5108 0.00049147 5997 5997 4.3839 1369 3.5969e+06 3659.4 5.2221e+05 0.2 2159.5
-0.88702 6.1207 0.00049147 7963.7 7963.7 5.8254 1369 6.2727e+06 9768.7 7.7757e+05 0.2 2159.5
-0.8862 7.7869 0.00049147 9849.5 9849.5 7.2108 1369 9.2209e+06 20402 1.0256e+06 0.2 2159.5
-0.88535 9.5113 0.00049147 11611 11611 8.5082 1369 1.1967e+07 36408 1.261e+06 0.2 2159.5
-0.88447 11.296 0.00049147 13213 13213 9.6909 1369 1.4104e+07 58604 1.4789e+06 0.2 2159.5
-0.88356 13.142 0.00049147 14637 14637 10.746 1369 1.5456e+07 87491 1.6764e+06 0.2 2159.5
-0.88263 15.053 0.00049147 15883 15883 11.672 1369 1.6045e+07 1.2351e+05 1.851e+06 0.2 2159.5
-0.88165 17.031 0.00049147 16964 16964 12.476 1369 1.602e+07 1.6672e+05 1.9994e+06 0.2 2159.5
-0.88065 19.077 0.00049147 17898 17898 13.173 1369 1.5566e+07 2.1692e+05 2.1215e+06 0.2 2159.5
-0.87961 21.193 0.00049147 18706 18706 13.777 1369 1.4847e+07 2.7357e+05 2.2175e+06 0.2 2159.5
-0.87853 23.384 0.00049147 19407 19407 14.303 1369 1.3992e+07 3.358e+05 2.29e+06 0.2 2159.5
-0.87742 25.65 0.00049147 20019 20019 14.763 1369 1.3088e+07 4.0261e+05 2.3421e+06 0.2 2159.5
-0.87627 27.994 0.00049147 20557 20557 15.167 1369 1.2191e+07 4.7276e+05 2.3777e+06 0.2 2159.5
-0.87507 30.419 0.00049147 21032 21032 15.526 1369 1.1334e+07 5.4502e+05 2.4002e+06 0.2 2159.5
-0.87384 32.928 0.00049147 21457 21457 15.846 1369 1.0534e+07 6.1807e+05 2.413e+06 0.2 2159.5
-0.87257 35.523 0.00049147 21838 21838 16.134 1369 9.8006e+06 6.9071e+05 2.4183e+06 0.2 2159.5
-0.87125 38.207 0.00049147 22183 22183 16.395 1369 9.1342e+06 7.6176e+05 2.4177e+06 0.2 2159.5
-0.86988 40.983 0.00049147 22498 22498 16.634 1369 8.5332e+06 8.3018e+05 2.4124e+06 0.2 2159.5
-0.86847 43.855 0.00049147 22787 22787 16.853 1369 7.9928e+06 8.9507e+05 2.4029e+06 0.2 2159.5
-0.86701 46.824 0.00049147 23056 23056 17.058 1369 7.5075e+06 9.5569e+05 2.3899e+06 0.2 2159.5
-0.8655 49.895 0.00049147 23307 23307 17.248 1369 7.0716e+06 1.0114e+06 2.3736e+06 0.2 2159.5
-0.86394 53.07 0.00049147 23543 23543 17.428 1369 6.6795e+06 1.0618e+06 2.3545e+06 0.2 2159.5
-0.86233 56.354 0.00049147 23767 23767 17.599 1369 6.3265e+06 1.1067e+06 2.333e+06 0.2 2159.5
-0.86066 59.749 0.00049147 23980 23980 17.761 1369 6.0078e+06 1.1457e+06 2.31e+06 0.2 2159.5
-0.85893 63.259 0.00049147 24185 24185 17.917 1369 5.7195e+06 1.1791e+06 2.2864e+06 0.2 2159.5
-0.85715 66.887 0.00049147 24383 24383 18.068 1369 5.4577e+06 1.2068e+06 2.2621e+06 0.2 2159.5
-0.85531 70.638 0.00049147 24575 24575 18.215 1369 5.218e+06 1.2291e+06 2.2367e+06 0.2 2159.5
-0.8534 74.515 0.00049147 24763 24763 18.359 1369 4.9968e+06 1.2465e+06 2.2093e+06 0.2 2159.5
-0.85143 78.523 0.00049147 24947 24947 18.5 1369 4.7911e+06 1.2591e+06 2.1795e+06 0.2 2159.5
-0.8494 82.665 0.00049147 25129 25129 18.639 1369 4.5989e+06 1.2673e+06 2.1471e+06 0.2 2159.5
-0.84729 86.945 0.00049147 25308 25308 18.777 1369 4.4183e+06 1.2714e+06 2.1119e+06 0.2 2159.5
-0.84512 91.368 0.00049147 25486 25486 18.913 1369 4.2479e+06 1.2714e+06 2.0746e+06 0.2 2159.5
-0.84287 95.938 0.00049147 25662 25662 19.049 1369 4.0874e+06 1.2675e+06 2.0357e+06 0.2 2159.5
-0.84055 100.66 0.00049147 25837 25837 19.184 1369 3.9365e+06 1.2598e+06 1.9953e+06 0.2 2159.5
-0.83815 105.54 0.00049147 26012 26012 19.318 1369 3.794e+06 1.2486e+06 1.9527e+06 0.2 2159.5
-0.83568 110.58 0.00049147 26187 26187 19.453 1369 3.6582e+06 1.2344e+06 1.9078e+06 0.2 2159.5
-0.83312 115.78 0.00049147 26362 26362 19.588 1369 3.5272e+06 1.2173e+06 1.861e+06 0.2 2159.5
-0.83048 121.16 0.00049147 26538 26538 19.723 1369 3.3991e+06 1.1977e+06 1.8135e+06 0.2 2159.5
-0.82775 126.71 0.00049147 26715 26715 19.86 1369 3.2725e+06 1.1757e+06 1.7663e+06 0.2 2159.5
-0.82493 132.44 0.00049147 26893 26893 19.997 1369 3.1463e+06 1.1516e+06 1.7184e+06 0.2 2159.5
-0.82203 138.36 0.00049147 27072 27072 20.136 1369 3.0206e+06 1.1254e+06 1.6676e+06 0.2 2159.5
-0.81902 144.46 0.00049147 27253 27253 20.277 1369 2.8967e+06 1.097e+06 1.6141e+06 0.2 2159.5
-0.81592 150.77 0.00049147 27437 27437 20.419 1369 2.7741e+06 1.0666e+06 1.5585e+06 0.2 2159.5
-0.81273 157.28 0.00049147 27623 27623 20.563 1369 2.6528e+06 1.0343e+06 1.5005e+06 0.2 2159.5
-0.80943 163.99 0.00049147 27810 27810 20.708 1369 2.5334e+06 1.0003e+06 1.4387e+06 0.2 2159.5
-0.80602 170.92 0.00049147 28000 28000 20.856 1369 2.4157e+06 9.6463e+05 1.3736e+06 0.2 2159.5
-0.80251 178.07 0.00049147 28192 28192 21.005 1369 2.2977e+06 9.2765e+05 1.3071e+06 0.2 2159.5
-0.79888 185.45 0.00049147 28385 28385 21.155 1369 2.1796e+06 8.8942e+05 1.2405e+06 0.2 2159.5
-0.79514 193.06 0.00049147 28579 28579 21.306 1369 2.0626e+06 8.5e+05 1.1727e+06 0.2 2159.5
-0.79129 200.9 0.00049147 28775 28775 21.459 1369 1.946e+06 8.0949e+05 1.1028e+06 0.2 2159.5
-0.78731 208.99 0.00049147 28971 28971 21.612 1369 1.8294e+06 7.6801e+05 1.0316e+06 0.2 2159.5
-0.78321 217.33 0.00049147 29168 29168 21.766 1369 1.7119e+06 7.2569e+05 9.5967e+05 0.2 2159.5
-0.77899 225.92 0.00049147 29366 29366 21.92 1369 1.5918e+06 6.8281e+05 8.868e+05 0.2 2159.5
-0.77463 234.78 0.00049147 29562 29562 22.074 1369 1.4707e+06 6.3958e+05 8.1375e+05 0.2 2159.5
-0.77015 243.91 0.00049147 29758 29758 22.227 1369 1.3502e+06 5.9609e+05 7.4148e+05 0.2 2159.5
-0.76553 253.32 0.00049147 29952 29952 22.379 1369 1.2292e+06 5.5248e+05 6.7012e+05 0.2 2159.5
-0.76076 263 0.00049147 30144 30144 22.529 1369 1.1085e+06 5.0893e+05 5.996e+05 0.2 2159.5
-0.75586 272.98 0.00049147 30331 30331 22.676 1369 9.8842e+05 4.6572e+05 5.2964e+05 0.2 2159.5
-0.75081 283.26 0.00049147 30513 30513 22.819 1369 8.6872e+05 4.2302e+05 4.6083e+05 0.2 2159.5
-0.74561 293.83 0.00049147 30688 30688 22.956 1369 7.5095e+05 3.8104e+05 3.9508e+05 0.2 2159.5
-0.74026 304.72 0.00049147 30853 30853 23.086 1369 6.3675e+05 3.4015e+05 3.342e+05 0.2 2159.5
-0.73475 315.93 0.00049147 31007 31007 23.207 1369 5.2754e+05 3.0085e+05 2.7885e+05 0.2 2159.5
-0.72909 327.45 0.00049147 31148 31148 23.318 1369 4.261e+05 2.6357e+05 2.2882e+05 0.2 2159.5
-0.72326 339.31 0.00049147 31273 31273 23.416 1369 3.3492e+05 2.2875e+05 1.8442e+05 0.2 2159.5
-0.71727 351.5 0.00049147 31382 31382 23.502 1369 2.5602e+05 1.9666e+05 1.4642e+05 0.2 2159.5
-0.71111 364.04 0.00049147 31475 31475 23.574 1369 1.9143e+05 1.6746e+05 1.1454e+05 0.2 2159.5
-0.70477 376.93 0.00049147 31550 31550 23.633 1369 1.4129e+05 1.4139e+05 88587 0.2 2159.5
-0.69826 390.17 0.00049147 31609 31609 23.68 1369 1.0392e+05 1.1861e+05 68149 0.2 2159.5
-0.69158 403.78 0.00049147 31655 31655 23.715 1369 76846 99062 52331 0.2 2159.5
-0.68471 417.76 0.00049147 31689 31689 23.742 1369 57217 82585 40302 0.2 2159.5
-0.67765 432.11 0.00049147 31714 31714 23.762 1369 43063 68912 31329 0.2 2159.5
-0.67041 446.85 0.00049147 31734 31734 23.777 1369 33145 57677 24765 0.2 2159.5
-0.66298 461.97 0.00049147 31750 31750 23.79 1369 26125 48541 20015 0.2 2159.5
-0.65535 477.48 0.00049147 31764 31764 23.801 1369 21133 41173 16619 0.2 2159.5
-0.64753 493.4 0.00049147 31777 31777 23.811 1369 17570 35236 14217 0.2 2159.5
-0.63951 509.72 0.00049147 31790 31790 23.821 1369 14925 30454 12488 0.2 2159.5
-0.63129 526.44 0.00049147 31803 31803 23.831 1369 12874 26606 11174 0.2 2159.5
-0.62287 543.58 0.00049147 31818 31818 23.843 1369 11277 23497 10164 0.2 2159.5
-0.61424 561.14 0.00049147 31833 31833 23.855 1369 10024 20956 9380.6 0.2 2159.5
-0.6054 579.13 0.00049147 31850 31850 23.867 1369 9032.8 18847 8750.7 0.2 2159.5
-0.59635 597.54 0.00049147 31867 31867 23.88 1369 8230.8 17075 8236.5 0.2 2159.5
-0.58709 616.38 0.00049147 31885 31885 23.894 1369 7563 15577 7819.2 0.2 2159.5
-0.57762 635.65 0.00049147 31903 31903 23.908 1369 7004.8 14302 7477.7 0.2 2159.5
-0.56793 655.36 0.00049147 31921 31921 23.922 1369 6533.1 13213 7181.6 0.2 2159.5
-0.55803 675.51 0.00049147 31940 31940 23.937 1369 6125.3 12285 6915 0.2 2159.5
-0.54791 696.1 0.00049147 31959 31959 23.951 1369 5765.9 11492 6669.9 0.2 2159.5
-0.53757 717.13 0.00049147 31978 31978 23.966 1369 5448.6 10805 6442.1 0.2 2159.5
-0.52702 738.6 0.00049147 31997 31997 23.98 1369 5170.3 10203 6230.3 0.2 2159.5
-0.51625 760.52 0.00049147 32016 32016 23.995 1369 4927.5 9682.6 6033.8 0.2 2159.5
-0.50526 782.88 0.00049147 32034 32034 24.009 1369 4716 9250 5850.4 0.2 2159.5
-0.49405 805.68 0.00049147 32053 32053 24.023 1369 4531.8 8893.3 5676.4 0.2 2159.5
-0.48263 828.92 0.00049147 32071 32071 24.037 1369 4368.6 8581.6 5510.7 0.2 2159.5
-0.47099 852.6 0.00049147 32090 32090 24.051 1369 4215 8286.2 5352.5 0.2 2159.5
-0.45914 876.72 0.00049147 32108 32108 24.065 1369 4061.6 8000.5 5192.6 0.2 2159.5
-0.44707 901.27 0.00049147 32126 32126 24.079 1369 3907.8 7732.1 5026.8 0.2 2159.5
-0.4348 926.25 0.00049147 32144 32144 24.093 1369 3756.3 7480.4 4867.6 0.2 2159.5
-0.42231 951.65 0.00049147 32161 32161 24.106 1369 3603.3 7234.3 4717 0.2 2159.5
-0.40962 977.47 0.00049147 32179 32179 24.12 1369 3444 6990 4556.1 0.2 2159.5
-0.39673 1003.7 0.00049147 32197 32197 24.133 1369 3284.9 6764.8 4393.5 0.2 2159.5
-0.38363 1030.4 0.00049147 32214 32214 24.146 1369 3130.4 6572.2 4257.5 0.2 2159.5
-0.37034 1057.4 0.00049147 32231 32231 24.159 1369 2962.3 6389.7 4114 0.2 2159.5
-0.35686 1084.8 0.00049147 32249 32249 24.173 1369 2771.2 6184 3910.1 0.2 2159.5
-0.34319 1112.6 0.00049147 32267 32267 24.186 1369 2591.1 5957.5 3700.3 0.2 2159.5
-0.32934 1140.8 0.00049147 32284 32284 24.199 1369 2434.2 5738.9 3549.2 0.2 2159.5
-0.31531 1169.4 0.00049147 32299 32299 24.211 1369 2235.6 5537 3353.4 0.2 2159.5
-0.3011 1198.3 0.00049147 32317 32317 24.224 1369 1965 5336.5 3013.4 0.2 2159.5
-0.28673 1227.5 0.00049147 32336 32336 24.239 1369 1715.7 5131.3 2678.4 0.2 2159.5
-0.2722 1257.1 0.00049147 32353 32353 24.251 1369 1569.2 4930.4 2520 0.2 2159.5
-0.25752 1287 0.00049147 32363 32363 24.259 1369 1493.6 4756.9 2483.4 0.2 2159.5
-0.24269 1317.1 0.00049147 32365 32365 24.261 1369 1440.1 4635.3 2463.5 0.2 2159.5
-0.22771 1347.6 0.00049147 32365 32365 24.26 1369 1398.1 4575.4 2437.5 0.2 2159.5
-0.21261 1378.3 0.00049147 32364 32364 24.26 1369 1365.9 4547.6 2409.2 0.2 2159.5
-0.19738 1409.3 0.00049147 32363 32363 24.259 1369 1340.1 4499.1 2382 0.2 2159.5
-0.18203 1440.6 0.00049147 32363 32363 24.259 1369 1319 4443.5 2358.1 0.2 2159.5
-0.16658 1472 0.00049147 32362 32362 24.258 1369 1303.5 4392.2 2339.8 0.2 2159.5
-0.15102 1503.6 0.00049147 32361 32361 24.258 1369 1293.9 4322.6 2326.1 0.2 2159.5
-0.13537 1535.5 0.00049147 32360 32360 24.257 1369 1287.1 4274.6 2308.3 0.2 2159.5
-0.11964 1567.5 0.00049147 32360 32360 24.257 1369 1281.8 4268 2284.9 0.2 2159.5
-0.10384 1599.6 0.00049147 32359 32359 24.256 1369 1279 4274.1 2262.9 0.2 2159.5
-0.087973 1631.9 0.00049147 32359 32359 24.256 1369 1278 4286.6 2244.5 0.2 2159.5
-0.072052 1664.3 0.00049147 32358 32358 24.256 1369 1274.5 4296.1 2220.4 0.2 2159.5
-0.056087 1696.8 0.00049147 32358 32358 24.255 1369 1261.5 4296.5 2178.7 0.2 2159.5
-0.040087 1729.4 0.00049147 32358 32358 24.255 1369 1232.7 4313.8 2119.8 0.2 2159.5
-0.024062 1762 0.00049147 32358 32358 24.255 1369 1188.9 4394.4 2054.9 0.2 2159.5
-0.0080224 1794.6 0.00049147 32358 32358 24.255 1369 1151.6 4507.9 2007.2 0.2 2159.5
